1459
963
995
1109
1057
977
952
1012
1099
674
1138
663
1282
1016
1826
1201
1347
963
1366
532
1322
1236
1104
1410
1406
1325
1394
751
1472
1295
954
783
1185
1329
1652
2572
1079
1090
973
1125
1112
453
875
1386
1452
1360
1246
787
1316
1980
1440
971
1219
1474
1485
1303
1020
795
1039
969
1097
600
1360
1510
924
1047
954
992
964
1348
1267
1295
914
1286
1329
1439
1693
915
1639
1084
1128
663
830
1243
1352
1256
1355
1267
1359
1380
1329
1805
1071
1398
1500
1243
1098
652
815
1130
981
964
954
1278
1482
1180
1208
806
816
1040
956
1199
1720
1440
1438
1492
1609
1112
1356
1983
1662
2115
526
1286
1136
844
1556
887
831
1136
1299
1356
774
1421
855
1084
1111
916
1498
796
1767
998
902
1550
1442
1279
1660
920
1534
1278
1463
811
915
1118
1067
1476
1036
948
1351
1300
1407
1276
836
1321
1513
1205
1177
975
1275
1325
1224
1134
554
1090
1056
1088
1361
790
1122
1151
1592
1130
793
1389
1128
1464
1442
1021
1423
1803
1494
1478
759
1003
1360
1375
1436
1064
1277
1377
374
816
1233
1490
1082
1299
1248
1036
1453
1405
548
477
492
485
1043
969
1431
582
1046
1171
1355
1228
800
469
616
1212
759
623
812
1182
805
1307
819
1352
1417
1379
1562
603
966
1634
1623
1004
518
1054
1115
1056
1294
866
1057
1089
1446
1142
1297
650
715
1544
658
643
674
1458
1413
1388
696
1005
1110
1127
990
780
942
1154
1388
1197
417
1500
1377
1101
1103
415
1361
489
557
627
726
1095
1052
1063
1092
584
1284
1471
1780
1135
954
1686
1304
1223
999
864
450
638
630
374
626
1395
1361
1386
1115
1071
1119
1315
1488
1389
367
888
1076
1065
995
428
1100
993
1014
1077
1516
1115
1066
504
1140
649
1389
1353
1417
693
426
1001
1084
1104
970
549
938
1279
1606
1356
801
1048
1468
1288
933
613
1523
1422
1490
1387
473
1175
1440
1370
1089
592
988
1088
1099
1098
751
714
1119
1104
925
767
1346
1164
972
1059
467
438
594
1127
1491
634
959
1231
1113
1085
848
993
1469
1388
1468
878
1383
1353
1472
1396
1755
940
1304
1108
1078
1149
946
1476
368
354
908
922
1634
1385
1835
877
1340
1235
1485
1383
743
1085
1427
1381
1212
1113
1005
758
373
890
1134
1248
1383
1616
458
938
934
1353
435
1387
1876
809
614
1128
1428
1216
888
1206
969
1104
1268
632
1056
805
1807
1160
1045
1012
1495
1341
1851
1175
1449
1462
888
1377
691
954
676
988
969
731
924
1022
946
1057
764
1339
1389
1192
1485
1066
1052
1049
1046
673
540
655
983
945
585
440
556
951
571
1222
1721
1481
914
912
1099
878
711
467
610
1119
779
1052
440
672
649
649
860
937
998
646
962
1201
1203
817
1381
655
1021
1091
1080
567
1022
999
1093
844
950
869
1013
944
1562
1062
528
1014
1436
1408
589
1305
955
1056
927
1397
950
1031
642
662
997
988
474
702
897
1065
1348
1912
944
1832
739
798
1384
1444
1235
696
666
433
538
553
586
711
696
1328
1451
1206
723
1269
963
1231
1185
900
1292
733
1027
833
606
1020
1297
1060
1305
783
920
1340
1524
1049
1237
1037
1029
1942
1010
1122
758
1385
929
1065
584
931
588
523
1217
1224
904
588
1087
506
677
911
895
1272
1497
720
1024
1359
1500
1239
1003
773
1322
1770
599
908
611
1304
483
698
501
456
1030
518
447
387
603
484
546
884
888
806
1005
1075
753
765
1518
798
404
447
404
510
823
496
602
647
612
1220
400
912
829
906
1069
762
1011
566
983
492
926
989
671
1029
702
813
863
770
809
1422
1053
1389
877
1433
952
1275
1348
339
974
1117
1065
1060
858
670
963
1313
1444
774
1419
1403
858
1415
636
571
550
399
665
398
949
1379
724
650
416
1443
1490
1275
1917
887
1417
1311
1128
1271
770
748
1644
1334
1339
523
899
1156
1383
848
451
906
1095
598
603
546
744
1228
1021
629
1388
766
1322
1429
772
1111
540
571
1088
406
464
420
434
665
798
435
367
1047
1129
463
410
835
1067
1165
1442
550
396
1068
1468
1367
1273
480
1245
1218
1444
1318
1323
1323
882
1179
668
684
1421
1091
1292
410
907
521
803
1001
590
853
800
1968
979
448
970
679
628
623
565
623
473
515
415
667
686
579
416
499
937
600
513
883
695
658
486
711
617
864
935
801
529
927
958
912
712
517
577
721
1469
793
1348
1308
724
806
767
1356
1047
1371
657
491
380
1582
1378
932
1202
834
1412
1444
1328
980
1422
1270
1471
1167
1137
1207
930
1374
1570
446
931
1060
1011
1966
942
1353
1422
1397
1474
718
1063
1049
844
1316
936
1284
801
1445
1103
1303
1423
1382
1419
1142
1048
1103
1076
1096
1436
1406
1235
1100
1021
1158
990
1270
1653
1087
1357
1073
1318
1155
1324
1178
1101
3653
892
1352
1465
1318
1306
1258
1460
1246
935
1359
517
1353
1393
788
1620
1145
1443
1439
1085
1387
1461
1518
1599
863
1405
1755
1356
751
436
463
1180
1444
1747
1183
1213
1143
1264
1282
653
1075
586
1212
1457
932
1543
1505
1659
1013
843
1357
701
1253
1263
1116
1314
966
1055
1071
724
1233
1698
1160
1393
816
1071
1113
1068
1132
949
1280
836
1298
1250
400
541
724
799
801
640
1105
1377
1048
1323
713
1385
1321
1493
1086
590
1101
894
1375
1441
375
413
1240
1232
1384
549
1207
1294
1528
1638
852
1331
1232
1496
1037
787
2113
965
1378
1477
584
1352
1395
1880
1231
640
1104
1046
687
1066
760
1375
1392
1359
1018
605
1122
509
780
954
584
1189
1406
925
1463
658
1206
1449
1127
1207
896
1144
1356
840
901
562
1315
1080
1246
1238
400
1311
1283
1477
1039
428
994
1495
1365
1425
661
1063
1376
1339
1162
473
1343
999
1106
1055
569
1452
1265
1078
883
340
1137
1303
1237
1386
503
868
1369
1244
1336
414
1227
1020
1386
1439
657
474
1017
926
772
829
979
999
1206
2064
765
1587
1492
1480
1282
560
620
1210
1487
1337
439
445
1064
1359
1143
1211
1166
1455
1590
1616
1893
1237
1284
1499
1107
1978
1232
1104
1053
912
1049
1297
651
782
1474
1298
935
1136
1309
635
1557
1136
1448
1481
1348
914
1441
1123
1088
1013
1720
1226
1327
1669
1053
1627
431
432
1088
1264
1105
1000
1356
1467
746
877
877
984
879
1051
931
1328
1460
1530
1515
1118
740
1602
1057
1066
1336
862
893
896
1424
782
1186
1304
1052
1037
1679
366
989
1448
1408
1578
989
914
955
1116
1384
801
1234
1080
1025
1023
774
1291
1411
1397
1258
962
1376
1320
995
1279
707
1093
1078
1084
848
1332
899
1099
1269
1094
604
1362
1348
1329
1201
866
1405
1135
508
1258
1041
968
1153
1079
912
762
1010
1103
1072
1020
811
1065
1058
928
417
367
894
1415
1422
1430
1068
1436
1528
1452
881
753
1381
1437
1120
1404
935
1427
1369
1287
1413
735
957
1009
1049
1112
976
1562
1344
1805
1377
660
1103
1102
1182
1399
817
1040
1019
1020
1107
373
729
1212
1007
1493
757
1392
1124
1064
1273
694
1412
1463
1358
1426
858
1045
1466
1074
1139
926
1391
1376
1493
1118
821
899
1402
1360
1141
665
972
951
966
1070
866
1260
1235
1298
1091
585
1240
1509
1240
653
726
1026
1072
1373
1394
627
1212
1144
889
909
782
1084
902
1053
1070
545
1088
1068
818
1099
417
1222
1360
1471
1253
966
1053
1611
1223
1490
627
909
1025
1064
1302
794
1421
1478
1030
983
546
1113
1319
1051
960
352
627
835
1092
1201
995
1094
1382
1313
422
364
412
350
995
1090
527
1405
1470
945
959
513
1203
1092
911
997
898
1104
886
1477
1287
355
1138
1306
1309
1098
295
1017
1126
995
1085
673
1274
1454
1237
1460
838
1293
1476
1540
1098
715
1020
1845
1254
1083
442
503
682
921
971
453
1142
855
926
875
850
715
708
929
854
705
718
731
897
484
468
890
1662
662
932
489
441
638
1090
1050
784
593
1017
853
984
751
990
888
858
1143
1022
1253
931
1101
1096
436
1147
1287
1387
1341
1878
790
783
839
793
481
477
893
450
484
1352
607
734
952
881
597
1589
1639
1969
721
806
1042
969
820
1755
1827
1086
1460
1340
1472
1457
1267
1210
1383
1362
1261
1155
814
1418
1561
1905
1062
1382
1259
432
489
1017
1677
1085
1478
2087
741
1115
1075
1329
1543
962
1426
1158
1512
853
562
805
972
1158
1631
1148
1262
1334
1373
1318
410
525
805
730
685
757
948
1222
1054
1498
1058
1326
826
944
1708
844
1574
2422
1315
922
773
833
809
749
977
1391
961
665
1138
1300
473
1189
1107
1322
351
626
992
981
1024
1130
524
1098
1059
1262
1120
1041
1214
1105
1076
1258
452
1362
1243
1253
1005
691
925
1087
1134
1154
1241
1416
939
1155
1566
1085
984
1111
951
1221
1006
691
1002
970
1087
969
1354
1242
1107
1145
881
1607
1570
1472
1347
1188
1451
682
1303
1069
746
1294
1235
1827
1386
853
1048
1071
1537
1383
840
1247
1427
1210
1432
1150
1513
1332
1546
1263
638
955
1090
415
554
943
1122
1401
1443
1367
587
1079
1101
851
875
613
705
1067
1048
1083
952
892
1354
1427
481
1180
1032
1398
1506
1578
638
1438
1572
1028
1092
769
636
1239
1320
1105
1085
761
1290
850
1259
847
1238
1208
1457
1391
669
1073
1276
723
1296
809
876
1088
1113
1131
605
927
914
842
1296
650
928
656
1354
1402
631
984
1059
1390
976
391
980
1122
1080
1374
871
864
1067
942
1340
576
1018
1073
1088
1046
554
1387
1320
827
545
441
444
1264
591
836
344
695
1409
573
806
357
1079
1089
1182
1045
314
787
988
1221
978
392
1321
822
1021
1049
436
963
1660
1514
359
423
866
1002
1425
905
412
1164
1598
1444
1557
456
1410
956
1437
1504
429
827
1385
438
554
446
1435
1445
1005
1276
635
1039
1322
988
1090
455
938
1110
1053
1357
473
1284
1446
1186
1463
502
1027
1062
907
1083
430
1291
1047
1435
1351
935
878
1407
1343
1417
564
971
1138
1017
1206
641
1052
473
1015
1271
1311
683
1329
1535
1321
728
772
1172
1119
1291
1105
664
1518
1049
1057
1562
981
1269
956
1104
1443
1095
1489
1361
1122
1272
1096
1472
1490
1268
1255
522
629
1145
419
676
901
929
1179
1234
1281
1025
1559
1486
1448
1319
876
956
587
1070
1310
809
1050
1211
1564
1159
612
1043
1424
1208
1573
842
1134
1414
1848
1031
1081
829
1091
1126
1338
660
1021
1094
973
1119
756
990
1423
1350
1548
935
1462
1333
1483
1151
1032
1170
1314
1347
1413
865
1059
522
544
1780
914
1216
1455
1064
1060
419
401
678
1330
1961
1100
1216
1310
1201
1145
519
1136
1333
1461
1239
1022
1416
1357
1375
1418
1235
1406
1352
1480
1344
392
870
1062
1346
1446
456
1086
997
465
910
1335
1086
1229
1381
1448
705
1454
1435
1042
1066
702
987
1095
1325
1054
459
1016
974
1105
1120
655
1360
1135
1510
1106
1410
952
1082
1481
1459
1045
1251
1475
1150
1324
1040
1137
1446
1122
1374
792
1259
1433
1231
1427
656
1389
1372
1328
1317
904
761
1685
1357
1465
630
1361
937
1000
1263
1266
634
1111
1100
1365
440
1067
1161
1379
915
1084
1068
1429
1370
1396
449
1092
1229
1258
975
930
1039
1070
1527
1281
492
1001
1108
993
1484
941
1223
1338
1376
1303
731
1496
423
507
470
628
1264
1454
1400
1324
792
949
1387
1472
1450
1060
842
1438
1337
1544
452
1031
1233
1050
1107
653
716
1364
1109
1029
842
1089
1224
1313
1183
1140
1262
1541
1553
1474
406
1168
1279
1436
1094
556
761
944
1077
1063
1439
980
1329
1141
1343
1059
1234
1383
1603
1065
366
897
999
1087
1408
596
1056
1354
1361
1246
1242
1229
1276
1519
1276
481
1346
1510
1286
934
582
929
1486
2110
1077
381
1257
1440
1327
1374
406
953
1361
1416
1322
625
767
999
1092
1095
461
838
1240
765
3248
1026
891
946
1212
1409
1356
714
875
1383
1365
801
752
999
1145
1348
487
1021
1837
1379
2032
1399
817
1449
1377
1345
526
811
1237
1477
1522
634
892
1029
1221
928
766
1142
474
620
933
1433
1310
1511
1415
1618
1385
859
1268
1230
1400
948
1189
1344
1221
904
1150
537
711
787
472
1093
867
1430
1160
1456
1677
1314
1185
1606
1347
1361
725
1043
1018
1328
2183
1309
1161
1483
1265
2242
1019
1045
1098
901
1213
856
1045
676
1173
1095
935
416
1250
1448
1485
1047
1817
397
643
1804
928
1440
1436
1506
1319
805
847
1131
1388
1512
647
1051
1390
1602
1401
876
1247
1451
1354
1392
1143
1379
1148
1229
1379
905
1325
1609
1351
1309
895
1450
1487
1101
944
1065
1468
1567
1816
1517
572
949
1031
1072
1495
1323
1446
1548
1402
1458
1016
1317
841
1409
1465
1257
1455
1426
1531
1471
875
1474
975
1016
1202
900
732
566
905
1826
1074
810
1032
818
1130
453
386
377
1089
943
979
1101
1101
1221
1374
1076
1489
843
1149
1433
1181
1145
1342
1518
1485
947
1422
400
858
990
939
1484
1472
1475
1431
1083
1535
1224
1862
1298
994
1440
943
698
1054
565
967
1283
1347
1378
876
1031
1095
1288
1513
868
987
1311
1110
1119
1163
1294
1151
1598
1268
599
775
970
1276
1302
798
885
1081
956
1096
536
1025
1450
1343
1365
625
955
1129
937
1167
407
1319
1088
1063
1055
1100
997
1429
1436
1284
680
426
798
1020
1241
904
1282
447
1214
1179
468
1417
1278
1209
1068
617
1528
1060
1059
1101
881
859
1388
1152
1069
798
1062
1059
1406
1134
715
1472
367
947
1409
744
1362
1388
1473
1245
1114
973
1079
926
1232
1072
980
1332
1414
1399
1085
587
450
1063
1528
733
869
1393
1309
1310
543
1161
695
943
1115
632
1064
1676
952
1396
770
1240
1477
1402
1243
748
1432
1378
1415
1331
942
1351
956
1352
1445
424
1023
695
1120
944
547
1421
925
954
1091
462
939
915
1414
1127
785
1374
544
1110
962
1009
1057
1226
1847
1240
1107
1204
1226
991
1049
1606
1130
1432
1458
1784
998
1116
361
1179
1384
914
1054
1411
799
1148
664
1034
418
1026
1376
874
891
1418
1459
1272
1739
1126
454
1011
1215
1030
1037
1351
1557
1447
1118
1349
899
935
1028
1026
561
1037
1027
1069
1091
761
978
1279
974
1258
1228
1280
1381
1289
801
1341
1075
1253
1106
1247
1106
1090
1048
1065
1336
1263
918
722
1074
1010
676
1001
1285
1414
1547
443
387
1126
1458
1478
1061
1124
1317
1396
1106
737
1739
878
1493
1442
1301
1665
1566
1534
1632
1195
1470
1236
1236
1334
1135
1419
1448
1340
1416
1106
963
1196
1401
926
1140
1108
1118
1082
1455
1033
379
918
876
1084
1170
1119
1337
1405
1461
746
1312
954
1098
1050
861
963
1068
739
1021
690
1120
1063
1445
1065
943
1124
1059
1104
1403
1007
1089
737
1361
1155
827
1046
1032
1110
1210
1043
1502
1326
1460
945
776
1248
1474
1396
1459
861
918
1278
1016
1122
913
742
765
1075
1075
889
1664
1376
2054
1421
617
991
1051
1172
1711
623
1531
431
376
772
1144
1285
1132
1094
729
713
1440
1369
1258
1150
1112
1419
1462
1335
1561
659
1343
1004
1397
1336
952
1155
928
1052
774
393
470
424
1084
1278
952
1449
1011
1550
1446
998
1071
1240
4648
1142
839
1256
1397
1231
967
396
1084
1093
1714
1023
749
1575
1604
1549
1848
918
1395
1390
860
1410
377
976
1209
1039
1307
967
1459
1384
1407
1263
962
846
1122
1048
1101
404
1187
1485
606
1790
390
1306
1752
1421
1222
955
1502
1417
1311
1447
656
1197
1294
1107
1132
423
1449
1004
863
1142
430
1267
968
1339
1289
777
858
1112
1028
685
836
1182
1094
1029
919
738
967
1254
703
891
451
1521
1306
1373
1013
574
744
1199
1316
1042
638
1207
1293
1231
1448
712
837
1090
1099
1011
407
1224
1496
997
706
1538
1052
1271
1038
1608
392
943
1027
1192
1442
799
1143
1578
815
900
1562
1094
1096
1000
927
672
726
740
990
1044
1291
928
1059
1029
1103
2172
1043
1507
1395
946
1747
1032
1122
1062
353
569
813
1096
1107
997
1662
819
1353
1373
1293
1789
495
1394
1458
926
1236
896
1118
1106
962
885
1366
1333
1381
1168
2290
1154
1394
1141
1221
2225
1133
1125
1451
944
1121
1039
1478
1333
934
1493
451
719
1050
955
1336
850
1041
1135
1217
1138
1040
1572
1465
787
1474
996
1084
1176
949
1345
970
1533
1360
1371
1658
800
1117
1743
1486
1505
949
1283
1131
748
998
604
827
1014
946
1465
892
1330
1535
925
856
565
1128
1410
1461
1406
864
1103
1143
806
981
622
1066
1248
876
1406
795
560
456
1464
1436
819
1036
1256
1512
1252
525
1016
1102
732
1126
917
1032
1462
1105
471
516
1004
1069
1295
1435
711
1746
1014
735
1342
803
1142
1491
908
973
978
1296
1129
391
1267
499
710
954
1471
1042
669
1099
1159
1363
775
601
1285
997
978
1060
1018
1311
1451
1008
1550
638
1738
1011
562
1207
444
780
1388
1997
982
657
1287
1263
1420
1123
531
1284
1494
686
391
812
1271
1087
1109
1254
611
1234
650
485
1196
1326
1106
1459
958
934
903
1075
1127
1023
1527
729
1155
974
748
880
541
947
988
1129
1777
480
1711
970
1119
593
613
765
1279
872
713
467
608
902
706
1379
625
691
1199
1472
659
868
807
1298
1303
1185
2308
1262
1446
646
1461
5230
1053
1281
1114
1141
519
1759
533
899
930
520
875
1288
1045
800
572
1365
1020
518
547
419
950
1337
1000
1119
529
1090
1186
1118
980
833
1299
1440
1567
820
629
1407
1457
1190
1278
707
1478
1085
1049
1439
801
973
957
940
444
404
1239
1451
487
765
679
862
1001
447
1290
341
820
1357
1470
1173
619
1098
802
686
996
799
855
1329
848
756
833
1021
1011
883
1022
442
1003
794
1551
1450
482
640
1251
1530
1357
948
999
1029
1068
915
627
1076
1371
1282
1086
474
444
431
470
929
614
805
937
464
619
630
681
693
448
455
433
922
1074
989
715
839
766
642
675
821
521
539
1054
1559
977
433
891
1307
1151
821
425
780
1192
519
1416
1442
1134
749
826
834
908
856
1271
1034
1366
1128
533
988
1437
1115
457
449
398
716
395
430
437
601
440
471
1142
835
731
2078
644
2164
708
733
1029
676
793
1075
1257
592
623
1106
2272
1227
717
530
561
712
693
1141
647
706
1089
616
989
624
3121
1524
1088
496
568
635
850
683
1008
1274
1629
487
418
428
359
474
1193
547
513
1499
431
763
1060
575
1235
823
689
1432
1242
1241
1059
813
1311
1458
1326
1277
1005
1450
1299
1386
696
954
1077
974
1358
1464
869
777
1529
1448
1510
810
1136
801
1259
1112
919
451
504
1562
1225
886
961
2432
1193
1433
906
1288
1259
687
969
851
1164
1377
1210
1418
862
1343
1189
1793
1350
844
888
1027
1071
1056
783
1283
1352
1075
964
685
1285
1491
1164
802
508
945
955
1003
1104
562
1249
1506
459
411
333
432
1388
768
1292
482
511
434
433
383
436
770
1376
1106
2210
872
1361
1936
2163
1384
872
1608
882
1395
862
1218
1058
1949
923
1445
595
929
1000
1406
1370
702
1369
1289
1280
1389
725
895
1113
1463
1370
859
1194
1451
1262
1316
918
1428
1401
475
426
824
1303
1428
1304
676
521
1045
1061
1392
1306
951
838
1454
1244
1235
1167
1446
1369
1330
1535
406
540
892
1230
1386
408
778
1171
1397
1318
502
946
988
944
1341
480
1249
1279
1399
1255
879
1320
1519
1226
491
538
1004
821
1141
590
377
479
434
455
442
394
1098
990
1093
1146
328
1199
730
1189
1125
571
910
914
964
770
371
1037
1405
1426
1137
353
1124
1212
1128
1008
448
992
1315
371
1038
543
907
1956
1498
484
459
839
776
1065
1040
800
1382
1550
1306
1555
820
703
1084
1087
2008
452
1011
1283
1444
1352
424
1007
970
964
1064
679
1020
1340
1328
1331
848
973
1067
919
1102
606
1226
1532
1061
1092
705
979
1316
1486
1365
1156
957
1422
1364
1325
996
1175
1085
904
395
843
901
1378
1334
516
665
350
352
350
422
548
929
1180
1049
1110
568
1316
1113
759
1457
877
720
1072
1354
1295
1290
709
1012
1139
1179
1079
1121
1450
1449
1489
659
1043
1230
1074
905
482
1464
984
797
501
855
833
563
412
943
1046
752
1261
680
2132
1446
457
622
1140
682
737
1265
773
1146
1186
1368
735
771
1040
1268
1307
1071
953
1223
1076
1528
1159
1336
618
527
1429
1392
952
1670
1067
1570
1540
1113
1381
1493
1097
750
1076
1050
1155
1516
992
1564
1290
411
438
1076
1182
1051
697
431
903
380
360
445
716
546
473
1081
1860
1593
682
1022
2114
1128
1019
1743
1674
1301
1097
1473
907
477
519
417
852
914
1085
1421
466
5185
1003
578
719
1440
1212
1136
1520
1491
1463
1466
1246
1434
1533
1556
1320
1010
1244
1481
1068
1103
552
1439
1368
1448
1282
947
823
974
1364
1453
1137
642
439
374
550
651
1044
1084
1068
955
922
1348
1118
1070
1258
1106
1388
1391
1803
1325
1093
1383
1361
1298
1391
842
1099
1488
1231
1440
656
1079
1475
363
563
998
1325
1340
1490
436
392
692
340
549
755
708
620
1017
1468
875
874
1003
1093
750
1458
1126
2003
1003
1078
1303
836
1250
1345
810
719
873
962
1036
1083
1077
1684
936
1514
1421
1405
475
1340
1610
1491
1794
583
1230
1102
1107
972
1122
1473
1303
1019
2200
689
1519
1267
1465
1479
514
1262
1499
1396
1441
912
819
1322
1411
1076
597
1249
1404
1085
1374
724
441
439
1167
1488
951
1231
1075
1176
1580
779
1312
1340
1343
1744
898
780
1071
1490
1091
730
960
1473
687
684
607
938
988
721
375
446
418
349
907
362
417
506
943
905
902
609
586
675
1095
703
701
1069
813
573
776
359
774
963
944
916
414
910
1096
780
997
477
881
1106
1782
1362
452
1315
447
1231
1583
691
876
1376
1488
1392
629
1199
983
1262
1377
772
1598
392
483
915
1017
981
881
1324
1345
714
1133
1285
1484
1691
762
1318
1500
1083
1113
570
671
1356
1552
1372
757
1044
1077
1091
892
769
1668
1159
947
1069
1095
1240
1104
1034
1290
606
858
1409
364
553
943
1345
854
1045
434
1692
425
374
433
387
566
821
912
884
782
980
2520
606
1095
706
1362
701
1517
988
962
465
1124
938
987
1032
1037
978
1360
1317
1070
1856
823
655
1333
1317
1596
986
1430
1319
1316
809
711
1458
1425
1416
1074
900
1075
1085
1419
645
1101
1540
1390
1210
1807
865
1553
744
1140
1065
983
1244
1131
1309
630
1231
1081
1349
1419
580
1112
893
1304
1299
1588
1099
1459
1489
1448
922
811
976
1033
1240
1405
992
1359
742
1314
998
1037
484
465
791
858
1193
896
909
396
402
428
439
339
416
638
605
982
1828
1124
1022
1173
1289
1462
1964
1524
1142
1486
1033
800
1796
783
1307
1030
1066
1109
1060
1432
1291
1394
1312
1004
576
1030
1156
1719
1302
1573
1462
1558
1337
790
1075
1341
1103
953
666
891
1087
972
1007
916
961
1073
1329
1296
1187
946
1301
1433
1302
613
1001
1092
1236
1287
400
1332
1380
1443
1379
1049
699
792
1005
1463
1067
1483
1160
1017
1030
781
1218
1290
1070
933
580
1060
1066
1640
1059
752
807
452
457
880
788
1252
1138
445
452
738
334
439
952
1289
875
425
755
708
849
337
896
772
886
1239
750
1075
1030
1250
794
585
1072
1008
1047
1094
991
1370
1873
1519
1218
663
411
468
1113
926
933
1110
1381
1436
1335
842
1222
1284
1084
1125
534
1515
1355
1332
1072
773
656
954
1041
1569
858
1465
985
1302
1536
850
1110
1542
1538
1544
1091
1304
1336
1333
1041
911
862
443
439
863
909
1341
1332
1456
1399
1022
1593
1438
1516
1027
617
1063
1391
1227
3308
877
764
600
524
1102
687
829
487
438
643
439
410
461
436
437
414
903
1008
534
698
838
704
692
848
935
556
1381
781
853
1381
869
1071
693
685
1060
357
821
1305
1606
1297
769
699
1400
1087
1436
1028
1311
1233
1302
1046
777
1084
1443
1352
1558
671
1104
1025
1092
1091
615
878
1025
1073
1428
420
978
1411
1487
802
793
912
1083
933
1079
528
1222
1492
1472
1377
662
498
385
924
1317
466
1421
1383
1275
994
698
1154
1170
1065
1468
1147
1317
1521
1449
1391
864
667
382
553
947
674
1145
435
500
1552
846
414
431
364
372
1198
873
1143
1265
1370
866
1507
788
1225
1414
701
975
1233
1217
478
1038
1588
1478
1460
1586
1183
1090
1505
1129
1255
925
606
1004
1252
1609
1174
748
1201
1479
1510
1603
1185
752
506
1339
890
1354
1067
602
835
990
821
768
434
1077
1676
1177
881
757
777
407
814
1086
1133
994
3368
966
738
1314
1259
741
756
428
693
489
1035
692
973
764
534
1886
743
858
1212
778
853
1034
1359
1372
1371
956
903
370
433
706
1070
636
597
388
448
397
712
725
700
877
723
761
1032
1145
1021
668
694
1246
1285
1203
1457
882
450
381
1354
1585
1659
1027
1224
1645
2000
1067
898
1214
468
905
639
931
1970
1229
499
690
1427
829
927
1061
1039
1118
1233
1089
1003
921
1631
963
1075
1102
856
932
1099
1036
891
1036
558
466
682
1486
1248
930
1032
996
460
424
1346
1333
1587
1189
673
963
1283
570
1197
771
1171
960
750
860
663
658
591
499
874
821
1196
917
1070
1355
781
405
829
765
980
938
429
448
499
379
369
433
418
436
436
351
622
1326
1465
1341
797
1280
1225
744
1263
705
1278
1391
1158
1489
942
1105
587
1085
1217
1116
1259
1464
1255
1121
862
1391
1349
869
1193
713
1198
513
1411
997
992
1227
1230
1268
1355
345
1040
1530
1486
1094
595
404
445
2009
1261
938
1226
1319
1439
1397
866
1268
494
1055
801
945
1296
927
1507
1383
1110
1471
1394
1562
712
379
1570
1348
1205
619
712
889
718
503
1247
848
1446
1034
1075
972
1163
447
605
925
1030
354
1159
446
457
695
418
322
709
401
350
349
451
878
945
1101
676
1049
1178
1908
1120
346
1384
1458
1093
467
1014
1222
916
1406
991
974
1088
961
1049
1265
926
1302
1362
1437
904
1433
1032
1325
1530
1438
841
1222
1386
1309
1097
485
983
944
1091
980
1768
1136
1280
1137
866
911
1403
1086
1168
920
875
1248
1179
1366
1005
933
1013
917
988
1307
941
676
991
1333
747
1014
741
1287
972
1396
1138
782
592
543
1136
935
1064
1090
951
672
751
