10255
353
474
402
349
476
264
305
457
309
442
341
600
527
270
260
281
326
355
350
392
305
626
523
404
263
277
454
581
360
312
247
407
462
410
348
297
308
434
354
369
297
514
340
409
360
519
271
412
368
479
285
287
341
298
295
482
372
387
391
444
455
272
448
355
256
294
434
262
513
345
232
255
411
389
250
225
243
351
293
253
241
266
361
371
320
228
433
295
330
329
399
248
437
441
3578
370
224
218
284
8176
1570
2602
1212
1506
3974
2006
1884
943
2250
3876
1539
2070
1756
2398
1565
1833
1952
940
2011
1464
1685
1853
1793
1826
3247
1358
2493
1645
1914
2567
1539
1825
1973
1849
2329
1667
1665
1973
2590
7831
1245
1003
856
2296
756
1570
948
622
1276
291
2481
714
820
4209
916
644
1164
877
1892
2367
1816
1371
1080
895
1691
1222
1601
1186
1313
1847
1748
669
885
1379
1765
1809
1593
1952
1718
2569
1426
1555
1388
1636
2055
1313
1718
2336
1819
1767
1360
1107
1641
1744
1602
1061
1542
1180
1423
12992
228
556
523
482
2442
504
636
593
586
649
425
823
643
518
2468
498
645
377
653
2340
600
617
562
710
2533
505
711
593
694
2138
458
670
508
561
2623
561
602
487
472
662
687
673
483
495
545
651
490
520
460
2493
555
331
535
493
660
768
584
396
325
296
600
612
525
555
323
544
527
586
674
1634
267
261
470
794
2376
558
494
390
576
2709
530
624
438
606
2490
460
692
609
701
1881
621
608
548
563
2085
244
645
725
614
