 110 
 129 
  88 
 114 
 108 
 136 
 172 
 289 
 170 
 153 
 152 
 154 
 138 
 146 
 160 
 152 
 154 
 178 
 137 
 136 
 138 
 145 
 176 
  98 
 161 
 172 
 179 
  98 
 112 
 135 
 105 
 107 
 135 
 148 
 145 
 147 
 144 
 202 
 142 
 147 
 147 
 147 
 170 
 159 
 174 
 191 
 126 
 171 
 132 
 190 
 184 
 187 
 215 
 135 
 173 
 169 
 126 
 153 
 157 
 174 
 125 
 172 
 188 
 169 
 175 
 187 
 147 
 258 
 175 
 190 
 174 
 102 
 230 
 129 
 193 
 189 
 182 
 174 
 111 
 216 
 171 
 107 
 129 
  94 
 118 
 130 
 117 
 155 
 168 
 162 
 161 
 164 
 159 
 163 
 165 
 189 
 139 
 228 
 116 
 189 
 177 
 186 
 140 
 102 
 174 
 189 
 171 
 171 
 124 
 124 
 119 
 162 
 166 
 146 
 186 
 204 
 190 
 200 
 146 
 183 
 165 
 179 
 164 
 208 
 187 
 198 
 184 
 152 
 233 
 187 
 172 
 189 
 188 
 118 
 156 
 168 
 114 
 158 
 131 
 130 
 166 
 201 
 191 
 204 
 215 
 134 
 125 
 203 
 214 
 232 
 190 
 191 
 183 
 135 
 212 
 188 
 174 
 183 
 116 
 219 
 209 
 157 
 163 
  97 
 111 
 136 
 167 
 213 
 169 
 215 
 172 
 187 
 182 
 111 
 209 
 200 
 131 
 131 
 130 
 204 
 177 
 184 
 132 
 138 
 151 
 123 
 144 
 129 
 159 
 223 
 111 
 137 
  99 
 117 
 216 
 170 
 168 
 202 
 158 
 134 
 153 
  95 
 117 
 169 
 173 
 183 
 125 
 104 
  95 
 156 
 174 
 202 
 117 
  96 
  83 
 143 
 185 
 168 
 143 
 153 
 129 
 155 
 166 
 171 
 196 
 201 
 182 
 202 
 207 
 141 
 180 
 201 
 204 
 200 
 202 
 201 
 183 
 209 
 217 
 149 
 239 
 187 
 150 
 165 
  86 
 162 
 158 
 129 
 110 
 104 
 205 
 165 
 189 
 217 
 142 
 200 
 184 
 188 
 186 
 173 
 195 
 182 
 177 
 133 
 174 
 262 
 204 
 211 
 164 
 128 
 158 
 152 
 134 
 173 
 108 
 188 
 216 
 193 
 132 
  80 
 151 
 203 
 148 
 175 
 218 
 205 
 190 
 216 
 166 
 132 
 191 
 202 
 170 
 145 
 126 
 209 
 240 
 191 
 118 
 105 
 185 
 166 
 177 
 164 
 126 
 201 
 218 
 201 
 168 
  79 
 151 
 172 
 215 
 130 
 172 
 205 
 188 
 187 
 141 
 199 
 203 
 229 
 262 
 210 
 184 
 128 
  87 
 147 
  77 
 167 
 175 
 190 
 218 
 221 
 199 
 220 
 202 
 173 
 198 
 129 
 192 
 151 
 156 
  80 
  70 
 117 
 132 
 200 
 108 
  77 
 186 
 183 
 180 
 208 
 199 
 180 
 127 
 131 
 189 
 142 
 173 
  89 
 195 
 122 
  73 
  78 
 112 
 163 
 121 
 119 
 171 
 113 
 167 
 132 
 154 
 148 
 150 
 114 
 113 
 155 
 150 
 157 
 140 
 171 
 178 
 163 
 159 
 189 
 124 
 125 
 201 
 181 
 182 
 200 
 135 
 201 
 188 
 199 
 186 
 172 
 191 
 170 
 114 
 137 
 191 
 225 
 191 
 173 
 143 
 204 
 206 
 169 
 181 
 149 
 162 
 127 
 139 
 195 
 181 
 131 
 195 
 188 
 129 
 161 
  71 
 164 
 187 
 221 
 171 
 226 
 195 
 201 
 195 
 166 
 183 
 204 
 116 
 105 
 113 
 123 
 131 
 146 
  85 
 159 
  85 
 203 
 185 
 181 
 183 
 213 
 192 
 183 
 148 
 156 
 141 
 201 
 183 
 187 
 175 
 217 
 201 
 199 
 187 
 131 
 205 
 123 
 185 
 196 
 192 
 205 
 211 
 201 
 186 
 201 
 134 
 201 
 187 
 159 
 167 
 222 
 191 
 168 
 176 
 137 
 192 
 242 
 210 
 114 
 116 
 167 
 123 
 207 
 192 
 219 
 149 
 230 
 220 
 236 
 187 
 149 
 209 
 218 
 225 
 129 
 186 
 215 
 185 
 185 
 143 
 194 
 212 
 224 
 122 
 155 
 111 
 196 
 145 
 200 
 198 
 154 
 208 
 222 
 110 
 168 
 172 
 198 
 191 
  94 
 124 
 140 
 107 
 107 
 155 
  91 
 188 
 224 
 206 
 201 
 167 
 151 
 115 
 128 
 127 
 155 
 127 
 173 
 186 
 187 
 195 
 118 
 194 
 205 
 175 
 203 
 136 
 209 
 176 
 234 
 167 
 183 
 175 
 199 
 234 
 140 
 171 
 186 
 207 
 161 
  80 
 144 
 128 
 158 
 179 
 172 
 122 
 202 
 182 
 195 
 191 
 160 
 151 
 179 
 189 
 137 
 187 
 201 
 179 
 212 
 164 
 185 
 201 
 182 
 236 
 120 
 130 
 124 
 141 
 157 
  91 
  79 
  72 
 132 
 187 
 198 
 182 
 197 
 170 
 228 
 174 
 112 
 191 
 204 
 118 
 169 
 190 
 223 
 206 
 189 
 183 
 205 
 206 
 242 
 174 
 151 
 143 
 128 
 209 
 147 
 210 
 122 
 158 
 209 
 177 
 202 
 112 
 203 
 207 
 129 
 165 
 156 
 114 
 119 
 106 
 104 
 107 
 114 
 121 
 148 
 147 
 208 
 186 
 168 
 185 
 172 
 161 
 140 
 125 
 131 
 151 
 144 
 211 
 200 
 189 
 191 
 187 
 200 
 162 
  78 
  74 
 142 
 183 
 202 
 185 
 128 
 153 
 112 
  78 
  74 
  84 
 108 
 115 
 112 
  99 
  82 
  81 
  86 
 120 
 141 
 129 
 114 
  79 
  89 
  72 
 124 
 111 
 105 
 108 
 105 
 131 
 103 
 108 
 106 
 107 
 102 
 101 
 106 
 131 
 162 
 124 
 196 
 215 
 202 
  82 
  88 
 104 
 133 
 103 
 107 
  83 
 117 
 110 
 106 
 104 
 115 
 106 
 121 
 146 
 115 
  73 
 109 
  75 
 144 
 130 
 160 
 171 
 188 
 175 
 172 
 176 
 172 
 179 
 184 
 105 
 171 
 177 
 188 
 173 
 203 
 116 
 189 
 172 
 229 
 150 
 134 
 109 
 159 
 107 
 168 
 181 
 171 
 178 
 190 
 173 
 189 
 217 
 188 
 177 
 104 
 121 
 188 
 175 
 189 
 131 
  86 
 168 
 202 
 172 
 181 
 194 
 124 
 170 
 106 
 143 
 137 
 184 
 203 
 171 
 208 
 193 
 168 
 202 
 203 
 182 
 180 
 210 
 217 
 190 
 217 
 153 
 214 
 203 
 200 
 184 
 168 
 159 
 179 
 124 
 135 
  89 
  93 
  95 
  85 
  82 
 160 
 168 
 202 
 185 
 134 
 189 
 183 
 195 
 100 
 157 
 178 
 192 
 187 
 193 
 188 
 128 
 180 
 178 
 131 
 171 
 120 
 171 
 156 
 101 
 159 
 162 
 170 
 179 
 187 
 178 
 150 
 125 
 108 
 106 
 119 
 106 
 112 
 149 
 109 
 113 
 152 
 105 
 159 
 152 
 164 
 168 
 190 
 177 
 186 
 177 
 239 
 130 
 112 
 109 
 142 
 102 
 110 
 114 
 107 
 132 
  76 
 134 
 121 
  80 
  79 
  80 
  76 
  89 
  75 
  76 
 108 
 110 
 105 
 103 
 109 
 116 
 115 
 114 
 106 
 110 
 130 
 113 
 111 
 127 
 101 
 134 
 121 
 122 
 109 
 105 
 103 
 122 
 109 
 107 
 106 
 119 
 124 
 112 
 113 
 108 
 143 
 116 
 116 
  91 
  75 
  74 
 100 
  80 
  78 
 115 
 131 
 135 
 155 
 154 
 153 
 151 
 145 
 142 
 149 
 110 
 134 
 189 
 189 
 165 
 156 
 172 
 269 
 158 
 186 
 145 
 144 
 107 
 157 
 147 
 122 
  79 
 183 
 211 
 187 
 181 
 188 
 127 
 189 
 175 
 155 
 131 
 206 
 208 
 187 
 183 
 126 
 173 
 214 
 189 
 154 
 160 
 184 
 106 
 164 
 157 
 115 
 154 
 187 
 189 
 131 
 114 
 114 
 110 
 158 
 149 
 178 
 183 
 208 
 176 
 171 
 105 
 162 
 156 
 202 
 115 
 136 
 196 
 205 
 187 
 131 
 178 
 129 
 138 
 159 
 133 
  97 
  72 
 154 
 160 
 204 
 191 
 184 
 192 
 200 
 186 
 189 
 236 
 201 
 193 
 187 
 127 
 230 
 189 
 200 
 203 
 177 
 162 
 127 
 125 
 160 
 111 
 178 
 126 
 186 
 185 
 202 
 181 
 201 
 198 
 184 
 142 
 202 
 193 
 202 
 172 
 137 
 190 
 200 
 194 
 203 
 178 
 199 
 156 
 179 
 112 
 191 
 130 
 151 
 135 
 202 
 213 
 199 
 229 
 198 
 205 
 197 
 180 
 201 
 186 
 184 
 142 
 224 
 189 
 200 
 229 
 122 
 140 
 164 
 111 
 139 
 179 
 136 
 163 
 140 
 188 
 221 
 201 
 222 
 232 
 205 
 154 
 158 
 144 
 202 
 199 
 136 
 233 
 240 
 222 
 177 
 204 
 223 
 200 
 178 
 168 
 221 
 192 
 184 
 172 
 160 
 217 
 232 
 227 
 204 
 200 
 165 
 143 
 106 
 105 
 107 
 150 
 174 
 218 
 242 
 202 
 123 
 203 
 223 
 163 
 162 
 182 
 198 
 181 
 118 
 176 
 202 
 186 
 203 
 199 
 172 
 191 
 209 
 195 
 219 
 232 
 144 
 169 
 180 
 185 
  85 
 160 
 168 
 195 
 187 
 217 
 153 
 160 
 164 
 122 
 326 
 191 
 188 
 208 
 135 
 106 
 105 
  74 
 151 
 163 
 139 
 126 
 114 
 157 
 175 
 187 
 136 
 196 
 228 
 200 
 216 
 112 
 164 
 126 
 114 
 160 
 133 
 126 
 125 
 211 
 202 
 193 
 128 
 181 
 189 
 206 
 125 
 184 
 200 
 189 
 184 
 126 
 204 
 190 
 202 
 185 
 236 
 192 
 208 
 157 
 156 
 105 
 159 
 160 
 177 
 182 
 199 
 170 
 210 
 186 
 193 
 125 
 183 
 194 
 199 
 188 
 140 
 201 
 204 
 188 
 203 
 183 
 219 
 189 
 136 
 164 
 113 
 131 
 156 
 136 
 174 
 193 
 213 
 192 
 204 
 185 
 162 
 181 
 197 
 192 
 185 
 146 
 201 
 208 
 203 
 185 
 144 
 203 
 223 
 170 
 163 
 104 
 169 
 139 
 143 
 136 
 202 
 208 
 209 
 156 
 186 
 132 
 134 
 197 
 208 
 184 
 146 
 192 
 208 
 236 
 230 
 117 
 224 
 165 
 166 
 104 
 191 
 178 
 147 
 194 
 171 
 209 
 222 
 190 
 203 
 205 
 175 
 198 
 209 
 208 
 184 
 129 
 202 
 207 
 221 
 188 
 205 
 214 
 226 
 173 
 151 
 109 
 182 
  98 
 165 
 180 
 203 
 184 
 203 
 189 
 184 
 193 
 183 
 187 
 201 
 201 
 132 
 187 
 235 
 202 
 208 
 128 
 218 
 185 
 172 
 118 
 133 
 124 
 123 
 124 
 146 
 114 
 124 
 106 
  83 
 156 
 204 
 133 
 159 
 152 
 193 
 130 
 181 
 216 
 200 
 199 
 163 
 161 
 160 
 204 
 184 
 287 
 228 
 223 
 247 
 186 
 163 
 123 
 125 
 129 
 207 
 192 
 224 
 103 
 101 
 116 
 102 
 112 
 150 
 152 
 167 
 139 
 202 
 168 
 159 
 190 
 173 
 211 
 203 
 147 
 119 
 216 
 127 
 109 
 116 
 117 
 122 
 117 
  85 
 153 
 128 
 173 
 106 
 161 
 203 
 136 
 160 
 151 
 200 
 207 
 186 
 145 
 218 
 206 
 202 
 203 
 197 
 209 
 207 
 191 
 225 
 151 
 173 
 176 
 109 
 211 
 184 
 127 
 186 
 202 
 209 
 207 
 240 
 212 
 171 
 184 
 129 
 223 
 234 
 208 
 204 
 134 
 220 
 186 
 226 
 205 
 220 
 238 
 178 
 200 
 173 
 332 
 136 
 184 
 199 
 200 
 219 
 203 
 223 
 226 
 188 
 174 
 204 
 192 
 201 
 202 
 136 
 192 
 202 
 201 
 226 
 202 
 226 
 131 
  80 
 153 
 171 
 135 
 167 
 159 
 196 
 187 
 222 
 208 
 215 
 185 
 217 
 151 
 204 
 211 
 201 
 139 
 223 
 191 
 215 
 221 
 122 
 150 
 158 
 242 
 155 
 138 
 125 
 114 
 127 
 183 
 164 
 191 
 197 
 205 
 201 
 212 
 217 
 210 
 224 
 200 
 179 
 214 
 206 
 189 
 183 
 158 
 213 
 210 
 222 
 207 
 180 
 130 
 131 
 182 
 182 
 187 
 186 
 211 
 223 
 200 
 200 
 198 
 221 
 194 
 184 
 192 
 201 
 194 
 202 
 187 
 188 
 149 
 229 
 219 
 164 
 111 
 121 
 193 
 184 
 193 
 191 
 200 
 226 
 211 
 199 
 189 
 221 
 209 
 221 
 201 
 138 
 220 
 184 
 209 
 131 
 107 
 242 
 175 
 154 
 195 
 140 
 118 
 151 
 130 
 153 
 202 
 213 
 210 
 218 
 191 
 186 
 191 
 222 
 204 
 204 
 148 
 188 
 223 
 185 
 185 
 156 
 222 
 186 
 134 
 127 
 139 
 122 
  82 
 140 
 193 
 223 
 199 
 219 
 204 
 202 
 140 
 158 
 168 
 202 
 222 
 168 
 235 
 180 
 207 
 202 
 154 
 219 
 213 
 182 
 133 
 121 
 163 
 171 
 145 
 193 
 210 
 217 
 314 
  89 
 151 
 223 
 213 
 326 
 211 
 228 
 134 
 219 
 231 
 204 
 184 
 172 
 195 
 262 
 173 
 180 
 219 
 166 
 256 
 148 
 205 
 184 
 205 
 245 
 207 
 202 
 158 
 157 
 290 
 221 
 205 
 144 
 172 
 223 
 151 
 188 
 131 
 140 
 208 
 198 
 170 
 187 
 116 
 145 
 120 
 205 
 193 
 219 
 218 
 223 
 184 
 148 
 201 
 289 
 188 
 221 
 142 
 257 
 261 
 189 
 226 
 130 
 241 
 192 
 115 
 125 
 139 
 158 
 216 
 144 
 203 
 224 
 200 
 207 
 208 
 202 
 177 
 209 
 198 
 222 
 201 
 132 
 204 
 145 
 190 
 185 
 220 
 148 
 179 
 170 
 177 
 181 
 182 
 161 
 191 
 221 
 208 
 222 
 171 
 220 
 188 
 180 
 177 
 148 
 194 
 205 
 204 
 189 
 124 
 186 
 188 
 181 
 112 
 155 
 152 
 132 
  84 
 106 
 293 
 228 
 200 
 170 
 197 
 274 
 209 
 199 
 154 
 191 
 175 
 222 
 185 
 218 
 210 
 226 
 228 
 192 
 181 
 139 
 128 
 131 
 192 
 147 
 185 
 125 
 205 
 204 
 254 
 221 
 298 
 198 
 187 
 140 
 138 
 195 
 227 
 220 
 185 
 158 
 222 
 197 
 209 
 102 
 190 
 165 
 124 
 156 
 137 
 204 
 237 
 223 
 201 
 232 
 202 
 180 
 207 
 124 
  73 
  93 
 202 
 214 
 207 
 127 
 182 
 115 
 205 
 191 
 169 
 178 
 117 
 137 
 150 
 162 
 126 
 162 
 208 
 204 
 113 
 201 
 208 
 226 
 183 
 190 
 168 
 188 
 189 
 201 
 215 
 124 
 215 
 204 
 185 
 182 
 169 
 109 
 202 
 190 
 190 
 168 
 152 
 220 
 203 
 221 
 202 
 158 
 207 
 202 
 301 
 157 
 205 
 218 
 204 
 207 
 235 
 131 
 193 
 219 
 214 
 133 
 191 
 183 
 185 
 198 
 108 
 120 
 192 
 244 
 211 
 226 
 119 
 236 
 185 
 192 
 189 
 212 
 207 
 202 
 135 
 127 
 115 
 201 
 193 
 219 
 198 
 212 
 228 
 113 
 186 
 156 
 132 
 154 
 141 
 226 
 209 
 156 
 208 
 222 
 179 
 201 
 139 
 202 
 189 
 215 
 193 
 178 
 198 
 219 
 237 
 208 
 167 
 191 
 170 
 194 
 153 
 142 
 192 
 148 
 209 
 223 
 125 
 221 
 111 
 198 
 184 
 136 
 209 
 225 
 110 
 135 
 208 
 115 
 203 
 172 
 191 
 231 
 202 
 180 
 126 
 117 
 189 
 206 
 199 
 190 
 198 
 139 
 211 
 218 
 196 
 203 
 204 
 222 
 202 
 218 
 199 
 156 
 191 
 226 
 185 
 161 
 222 
 134 
 240 
 172 
 124 
 171 
 170 
 186 
 195 
 148 
 138 
 220 
 211 
 228 
 204 
 176 
 204 
 187 
 146 
 147 
 220 
 203 
 181 
 180 
 190 
 239 
 199 
 123 
 192 
 176 
 166 
 131 
 146 
 129 
 172 
 122 
 194 
 222 
 191 
 200 
 192 
 222 
 206 
 236 
 206 
 220 
 193 
 203 
 187 
 131 
 212 
 199 
 221 
 221 
 169 
 171 
 113 
 184 
 177 
 137 
 124 
 189 
 131 
 202 
 204 
 150 
 213 
 201 
 189 
 210 
 187 
 203 
 184 
 182 
 209 
 219 
 210 
 221 
 215 
 171 
 116 
 165 
 119 
 137 
 130 
 145 
 214 
 221 
 186 
 232 
 126 
 220 
 205 
 113 
 220 
 266 
 156 
 203 
 255 
 182 
 223 
 221 
 187 
 196 
 125 
 101 
 141 
 138 
 206 
 178 
 137 
 224 
 131 
 201 
 205 
 150 
 206 
 222 
 153 
 194 
 202 
 205 
 207 
 200 
 141 
 179 
 172 
 188 
 187 
 107 
 146 
 191 
 204 
 221 
 205 
 137 
 207 
 201 
 191 
 189 
 233 
 222 
 201 
 224 
 198 
 266 
 194 
 197 
 239 
 199 
 173 
 130 
 180 
 133 
 181 
 152 
 199 
 205 
 201 
 272 
 134 
 221 
 132 
 116 
 210 
 135 
 213 
 202 
 241 
 201 
 212 
 197 
 268 
 182 
 191 
 237 
 167 
 200 
 129 
 124 
 181 
 118 
 175 
 201 
 210 
 123 
 208 
 222 
 191 
 227 
 121 
 220 
 198 
 221 
 193 
 210 
 186 
 217 
 194 
 156 
 257 
 218 
 174 
 165 
 125 
 104 
 208 
 152 
 153 
 222 
 134 
 198 
 183 
 200 
 209 
 149 
 222 
 222 
 232 
 145 
 214 
 204 
 200 
 109 
 176 
 203 
 220 
 241 
 168 
 126 
 162 
 176 
 171 
 156 
 213 
 122 
 212 
 221 
 187 
 223 
 150 
 223 
 203 
 168 
 210 
 214 
 114 
 200 
 336 
 163 
 250 
 179 
 179 
 161 
 212 
 161 
 191 
 184 
 207 
 220 
 152 
 221 
 203 
 113 
 212 
 175 
 205 
 218 
 225 
 187 
 204 
 188 
 191 
 246 
 262 
 195 
 197 
 116 
 191 
 123 
 176 
 190 
 183 
 218 
 208 
 201 
 206 
 202 
 146 
 197 
 202 
 201 
 203 
 161 
 167 
 234 
 182 
 224 
 196 
 206 
 103 
 108 
 180 
 193 
 152 
 132 
 237 
 220 
 234 
 223 
 206 
 230 
 186 
 214 
 142 
 245 
 228 
 227 
 172 
 193 
 227 
 226 
 206 
 170 
 140 
 178 
 121 
 182 
 152 
 157 
 199 
 163 
 205 
 259 
 204 
 201 
 207 
 222 
 187 
 190 
 256 
 241 
 200 
 117 
 203 
 243 
 179 
 199 
 215 
 192 
 163 
 176 
 146 
 179 
 178 
 107 
 219 
 148 
 202 
 219 
 197 
 228 
 207 
 185 
 139 
 198 
 461 
 203 
 121 
 159 
 206 
 243 
 188 
 131 
 130 
 225 
 208 
 184 
 135 
 219 
 124 
 190 
 128 
 198 
 140 
 204 
 230 
 220 
 191 
 226 
 201 
 222 
 187 
 202 
 156 
 218 
 202 
 203 
 186 
 210 
 216 
 238 
 214 
 209 
 168 
 161 
 175 
 141 
 146 
 153 
 185 
 222 
 206 
 153 
 188 
 200 
 186 
 222 
 212 
 158 
 137 
 242 
 189 
 115 
 199 
 233 
 201 
 217 
 209 
 219 
 231 
 119 
 140 
 131 
 203 
 137 
 214 
 221 
 187 
 230 
 202 
 202 
 206 
 167 
 180 
 286 
 178 
 201 
 186 
 158 
 213 
 247 
 219 
 185 
  92 
 106 
 152 
 149 
 122 
 174 
 121 
 206 
 165 
 189 
 188 
 198 
 207 
 229 
 203 
 144 
 224 
 223 
 187 
 166 
 192 
 246 
 224 
 204 
 206 
 230 
 181 
 162 
 176 
 145 
 183 
 134 
 191 
 136 
 194 
 223 
 202 
 206 
 207 
 185 
 147 
 222 
 178 
 200 
 182 
 188 
 217 
 224 
 217 
 184 
 184 
 233 
 166 
 137 
 157 
 123 
 137 
 193 
 203 
 128 
 211 
 196 
 201 
 201 
 183 
 192 
 210 
 202 
 134 
 182 
 201 
 219 
 186 
 221 
 200 
 213 
 211 
 141 
 157 
 134 
 158 
 178 
 110 
 183 
 167 
 190 
 200 
 223 
 203 
 137 
 210 
 184 
 193 
 197 
 119 
 197 
 229 
 242 
 156 
 186 
 193 
 219 
 213 
 229 
 185 
 172 
 157 
 165 
 183 
 131 
 154 
 176 
 210 
 223 
 202 
 137 
 185 
 232 
 205 
 200 
 153 
 203 
 206 
 231 
 170 
 148 
 208 
 220 
 258 
 173 
 123 
 180 
 123 
 156 
 193 
 188 
 199 
 222 
 204 
 175 
 138 
 186 
 190 
 200 
 215 
 158 
 215 
 267 
 232 
 183 
 139 
 213 
 221 
 164 
 128 
 108 
 123 
 141 
 176 
 198 
 191 
 199 
 228 
 224 
 203 
 144 
 184 
 231 
 204 
 198 
 189 
 231 
 222 
 223 
 187 
 153 
 191 
 174 
 127 
 131 
 153 
 150 
 123 
 172 
 151 
 220 
 200 
 222 
 207 
 199 
 112 
 182 
 191 
 201 
 120 
 138 
 254 
 219 
 211 
 125 
 148 
 173 
 178 
 150 
 154 
 150 
 156 
 191 
 186 
 202 
 177 
 199 
 217 
 203 
 204 
 136 
 182 
 233 
 210 
 176 
 151 
 280 
 196 
 203 
 189 
 196 
 134 
 171 
 137 
 140 
 193 
 190 
 186 
 226 
 165 
 231 
 201 
 199 
 205 
 203 
 120 
 183 
 192 
 202 
 179 
 142 
 256 
 243 
 205 
 186 
 149 
 184 
 179 
 111 
 117 
 120 
 142 
 184 
 175 
 204 
 206 
 203 
 201 
 229 
 202 
 167 
 183 
 188 
 206 
 119 
 146 
 222 
 195 
 222 
 240 
 225 
 168 
 130 
 175 
 176 
 190 
 192 
 162 
 224 
 204 
 219 
 200 
 222 
 204 
 178 
 258 
 182 
 222 
 218 
 188 
 140 
 266 
 239 
 187 
 177 
 168 
 139 
 118 
 195 
 146 
 191 
 181 
 190 
 187 
 199 
 211 
 224 
 210 
 224 
 201 
 191 
 183 
 198 
 188 
 185 
 168 
  75 
 150 
 161 
 188 
 140 
 222 
 179 
 161 
 149 
 141 
 147 
 174 
 190 
 185 
 223 
 194 
 222 
 205 
 202 
 134 
 182 
 212 
 227 
 206 
 206 
 183 
 242 
 207 
 190 
 113 
 222 
 202 
 226 
 115 
 128 
 194 
 206 
 182 
 189 
 205 
 201 
 204 
 202 
 197 
 168 
 183 
 203 
 222 
 179 
 136 
 220 
 214 
 222 
 181 
 124 
 221 
 131 
 123 
 116 
 192 
 121 
 157 
  99 
 154 
 166 
 180 
 204 
 192 
 204 
 139 
 182 
 208 
 223 
 201 
 126 
 205 
 244 
 218 
 192 
 144 
 230 
 249 
 138 
 164 
 115 
 174 
 128 
 123 
 195 
 185 
 200 
 212 
 154 
 197 
 177 
 152 
 203 
 206 
 172 
 133 
 248 
 188 
 230 
 203 
 144 
 200 
 222 
 153 
 174 
 128 
 160 
 128 
 128 
 198 
 193 
 201 
 230 
 209 
 203 
 136 
 204 
 158 
 225 
 205 
 174 
 205 
 229 
 186 
 189 
 178 
 219 
 215 
 211 
 165 
 183 
 172 
 196 
 126 
 205 
 202 
 200 
 209 
 232 
 218 
 124 
 182 
 202 
 189 
 187 
 196 
 203 
 217 
 247 
 201 
 122 
 163 
 245 
 260 
 173 
 161 
 191 
 129 
 141 
 195 
 217 
 199 
 223 
 208 
 201 
 119 
 222 
 190 
 197 
 202 
 192 
 204 
 225 
 219 
 154 
 150 
 221 
 215 
 206 
 169 
 110 
 130 
 183 
 129 
 199 
 209 
 235 
 204 
 234 
 201 
 238 
 186 
 202 
 174 
 187 
 235 
 220 
 222 
 248 
 180 
 193 
 201 
 175 
 110 
 180 
 185 
 141 
 147 
 209 
 204 
 220 
 198 
 201 
 190 
 203 
 140 
 184 
 188 
 202 
 202 
 149 
 227 
 199 
 210 
 219 
 199 
 176 
 127 
 151 
 190 
 150 
 174 
 161 
 186 
 229 
 211 
 208 
 222 
 222 
 203 
 221 
 203 
 202 
 182 
 200 
 143 
 239 
 202 
 225 
 223 
 173 
 188 
 239 
 183 
 178 
 135 
 139 
 165 
 160 
 149 
 220 
 196 
 225 
 207 
 236 
 136 
 201 
 208 
 220 
 201 
 140 
 312 
 230 
 219 
 171 
 147 
 202 
 215 
 170 
 188 
 121 
 183 
 184 
 174 
 151 
 197 
 220 
 229 
 222 
 201 
 134 
 182 
 204 
 195 
 203 
 189 
 201 
 225 
 246 
 214 
 179 
 227 
 243 
 170 
 185 
 131 
 188 
 142 
 158 
 117 
 233 
 197 
 223 
 210 
 200 
 174 
 220 
 188 
 221 
 205 
 187 
 211 
 221 
 217 
 120 
 132 
 178 
 214 
 173 
 177 
 127 
 176 
 172 
 157 
 203 
 152 
 195 
 211 
 220 
 201 
 144 
 187 
 202 
 206 
 201 
 144 
 254 
 205 
 242 
 203 
 176 
 219 
 226 
 178 
 181 
 134 
 174 
 132 
 161 
 219 
 136 
 200 
 229 
 207 
 217 
 133 
 218 
 193 
 201 
 228 
 196 
 220 
 305 
 204 
 171 
 219 
 175 
 179 
 161 
 177 
 181 
 120 
 151 
 165 
 174 
 205 
 187 
 215 
 224 
 202 
 217 
 192 
 277 
 205 
 185 
 230 
 200 
 264 
 240 
 205 
 207 
 171 
 175 
 114 
 179 
 200 
 118 
 212 
 205 
 203 
 223 
 205 
 242 
 207 
 206 
 184 
 208 
 213 
 201 
 201 
 192 
 221 
 255 
 208 
 170 
 180 
 134 
 174 
 194 
 125 
  77 
  85 
  78 
  85 
 172 
 122 
 160 
 191 
 203 
 210 
 191 
 229 
 224 
 205 
 203 
 148 
 245 
 194 
 204 
 215 
 139 
 168 
 206 
 167 
 194 
 134 
 140 
 186 
 159 
 178 
 185 
 199 
 223 
 210 
 232 
 178 
 234 
 196 
 222 
 201 
 130 
 187 
 172 
 205 
 194 
 132 
 173 
 135 
 195 
 167 
 120 
 185 
 249 
 124 
 201 
 203 
 223 
 151 
 224 
 201 
 217 
 227 
 240 
 191 
 209 
 169 
 208 
 190 
 225 
 223 
 224 
 183 
 123 
 171 
 114 
 124 
 183 
 212 
 203 
 197 
 223 
 200 
 304 
 205 
 203 
 133 
 217 
 169 
 203 
 203 
 198 
 158 
 208 
 215 
 244 
 221 
 170 
 155 
 177 
 155 
 119 
 131 
 200 
 151 
 202 
 206 
 220 
 144 
 220 
 200 
 194 
 192 
 203 
 192 
 221 
 140 
 190 
 256 
 202 
 200 
 171 
 163 
 164 
 162 
 190 
 178 
 190 
 167 
 204 
 199 
 222 
 199 
 201 
 208 
 131 
 141 
 193 
 131 
 236 
 201 
 247 
 153 
 130 
 202 
 183 
 179 
 124 
 105 
 140 
 206 
 191 
 202 
 146 
 214 
 204 
 155 
 185 
 124 
 200 
 128 
 125 
 180 
 138 
 190 
 202 
 232 
 267 
 206 
 228 
 197 
 186 
 167 
 105 
 194 
 126 
 149 
 150 
 150 
 212 
 191 
 201 
 199 
 129 
 191 
 201 
 205 
 206 
 148 
 206 
 199 
 222 
 179 
 231 
 218 
 205 
 135 
 216 
 119 
 158 
 130 
 151 
 187 
 148 
 209 
 203 
 208 
 222 
 136 
 231 
 203 
 226 
 117 
 170 
 230 
 227 
 188 
 223 
 218 
 192 
 186 
 163 
 104 
 134 
 137 
 155 
 180 
 221 
 143 
 202 
 184 
 148 
 195 
 141 
 206 
 202 
 191 
 199 
 129 
 227 
 203 
 303 
 184 
 214 
 195 
 173 
 150 
 127 
 142 
 182 
 222 
 189 
 195 
 130 
 211 
 203 
 204 
 231 
 185 
 203 
 201 
 208 
 144 
 124 
 208 
 209 
 181 
 144 
 215 
 226 
 194 
 189 
 178 
 185 
 205 
 136 
 204 
 223 
 194 
 172 
 189 
 199 
 136 
 137 
 213 
 228 
 194 
 206 
 256 
 202 
 186 
 187 
 145 
 221 
 179 
 189 
 176 
 127 
 148 
  89 
  78 
  76 
  77 
  86 
 159 
 152 
 196 
 201 
 173 
 222 
 209 
 240 
 208 
 133 
 202 
 206 
 183 
 166 
 210 
 217 
 224 
 106 
 171 
 174 
 134 
 157 
 194 
 220 
 182 
 112 
 214 
 254 
 184 
 215 
 128 
 221 
 147 
 206 
 115 
 224 
 210 
 117 
 147 
 223 
 216 
 170 
 178 
 124 
 182 
 177 
 198 
 198 
 192 
 152 
 212 
 202 
 183 
 223 
 114 
 204 
 202 
 149 
 154 
 168 
 193 
 222 
 226 
 160 
 206 
 209 
 213 
 161 
 167 
 167 
 146 
 204 
 150 
 220 
 155 
 176 
 192 
 240 
 191 
 152 
 203 
 224 
 183 
 198 
 126 
 218 
 202 
 191 
 140 
 201 
 225 
 170 
 125 
 169 
 138 
 151 
 217 
 188 
 211 
 130 
 210 
 204 
 220 
 170 
 112 
 200 
 204 
 234 
 205 
 109 
 204 
 222 
 165 
 160 
 221 
 224 
 172 
 143 
 150 
 135 
 144 
 139 
 190 
 220 
 150 
 134 
 191 
 230 
 199 
 143 
 207 
 223 
 233 
 192 
 112 
 252 
 259 
 235 
 203 
 236 
 221 
 181 
 167 
 120 
 130 
 191 
 151 
 193 
 216 
 187 
 206 
 202 
 176 
 205 
 150 
 221 
 203 
 235 
 207 
 187 
 189 
 199 
 217 
 113 
 175 
 187 
 126 
 118 
 114 
 185 
 187 
 204 
 204 
 222 
 120 
 204 
 191 
 245 
 182 
 250 
 231 
 203 
 239 
 186 
 153 
 208 
 203 
 204 
 136 
 178 
 131 
 144 
 163 
 120 
 135 
 149 
 132 
 202 
 208 
 135 
 206 
 204 
 162 
 207 
 122 
 203 
 189 
 120 
 200 
 166 
 200 
 222 
 140 
 189 
 132 
 163 
 160 
 141 
 123 
 111 
 120 
 188 
 139 
 246 
 117 
 221 
 190 
 144 
 204 
 149 
 189 
 201 
 175 
 203 
 181 
 219 
 218 
 203 
 154 
 241 
 129 
 174 
 124 
 135 
 181 
 157 
 155 
 223 
 189 
 205 
 213 
 201 
 293 
 209 
 160 
 200 
 184 
 182 
 193 
 225 
 230 
 221 
 218 
 142 
 191 
 162 
 173 
 178 
 175 
 193 
 166 
 165 
 204 
 223 
 135 
 222 
 201 
 167 
 195 
 184 
 187 
 117 
 241 
 123 
 203 
 201 
 188 
 187 
 169 
 218 
 192 
 175 
 186 
 135 
 186 
 166 
 188 
 221 
 211 
 198 
 209 
 221 
 202 
 133 
 222 
 222 
 202 
 197 
 146 
 222 
 204 
 240 
 197 
 169 
 174 
 172 
 138 
 138 
 196 
 184 
 191 
 184 
 231 
 224 
 201 
 229 
 200 
 205 
 196 
 184 
 194 
 231 
 263 
 220 
 204 
 241 
 261 
 206 
 172 
 130 
 204 
 140 
 193 
 193 
 201 
 203 
 205 
 179 
 203 
 173 
 207 
 219 
 207 
 164 
 208 
 222 
 186 
 190 
 187 
 238 
 220 
 203 
 202 
 169 
 237 
 114 
 185 
 148 
 200 
 185 
 193 
 201 
 205 
 220 
 201 
 202 
 201 
 166 
 194 
 184 
 213 
 219 
 241 
 198 
 219 
 200 
 225 
 203 
 200 
 188 
 172 
 159 
 145 
 177 
 188 
 154 
 187 
 201 
 207 
 200 
 210 
 204 
 205 
 167 
 186 
 202 
 202 
 212 
 166 
 221 
 221 
 223 
 157 
 127 
 167 
 138 
 174 
 182 
 176 
 186 
 165 
 229 
 200 
 204 
 240 
 234 
 222 
 210 
 145 
 184 
 202 
 219 
 159 
 204 
 215 
 225 
 209 
 186 
 177 
 224 
 184 
 141 
 176 
 175 
 196 
 173 
 170 
 229 
 209 
 201 
 207 
 137 
 108 
 158 
 148 
 201 
 185 
 190 
 118 
 174 
 192 
 222 
 106 
 123 
 191 
 164 
 182 
 128 
 161 
 128 
 136 
 131 
 192 
 203 
 180 
 201 
 189 
 184 
 132 
 195 
 193 
 201 
 190 
 143 
 187 
 203 
 191 
 234 
 141 
 200 
 204 
 152 
 159 
 124 
 165 
 163 
 157 
 134 
 188 
 216 
 193 
 203 
 157 
 121 
 181 
 202 
 188 
 110 
 144 
 205 
 207 
 203 
 170 
 141 
 195 
 201 
 186 
 199 
 121 
 200 
 185 
 153 
 104 
 143 
 152 
 170 
 135 
 210 
 188 
 184 
 183 
 201 
 169 
 156 
 186 
 163 
 187 
 147 
 179 
 228 
 192 
 201 
 204 
 132 
 187 
 162 
 136 
 123 
 191 
 160 
 212 
 203 
 205 
 176 
 183 
 201 
 184 
 191 
 118 
 204 
 190 
 202 
 186 
 145 
 208 
 208 
 202 
 186 
 134 
 199 
 179 
 162 
 148 
 187 
 143 
 153 
 195 
 201 
 192 
 184 
 204 
 220 
 201 
 163 
 164 
 205 
 189 
 185 
 128 
 225 
 187 
 222 
 183 
 292 
 183 
 173 
 123 
 114 
 199 
 143 
 177 
 195 
 204 
 227 
 183 
 204 
 166 
 185 
 201 
 226 
 210 
 200 
 185 
 141 
 186 
 201 
 185 
 202 
 172 
 218 
2559 
 118 
 117 
 172 
 143 
 199 
 191 
 221 
 212 
 183 
 208 
 213 
 193 
 157 
 223 
 225 
 211 
 192 
 149 
 156 
 193 
 217 
 188 
 241 
 142 
 122 
 118 
 138 
 186 
 183 
 185 
 221 
 196 
 230 
 183 
 231 
 205 
 195 
 160 
 222 
 209 
 245 
 201 
 112 
 203 
 144 
 170 
 180 
 115 
 175 
 121 
 139 
 195 
 221 
 203 
 222 
 203 
 186 
 207 
 186 
 187 
 202 
 133 
 120 
 211 
 203 
 223 
 237 
 175 
 225 
 178 
 138 
 137 
 145 
 148 
 189 
 166 
 223 
 205 
 198 
 207 
 203 
 185 
 142 
 183 
 201 
 210 
 115 
 126 
 245 
 205 
 245 
 192 
 179 
 186 
 168 
 160 
 131 
 141 
 193 
 195 
 173 
 203 
 219 
 199 
 222 
 204 
 201 
 135 
 184 
 220 
 203 
 184 
 191 
 197 
 198 
 203 
 179 
 120 
 228 
 141 
 126 
 177 
 140 
 191 
 143 
 208 
 184 
 203 
 220 
 208 
 145 
 180 
 170 
 180 
 202 
 190 
 202 
 119 
 244 
 225 
 220 
 201 
 175 
 170 
 183 
 181 
 178 
 184 
 180 
 156 
 202 
 185 
 230 
 197 
 223 
 203 
 202 
 141 
 187 
 204 
 202 
 185 
 197 
 206 
 227 
 155 
 142 
 150 
 159 
 133 
 128 
 195 
 177 
 186 
 194 
 188 
 202 
 208 
 201 
 191 
 223 
 197 
 132 
 182 
 204 
 187 
 199 
 139 
 221 
 206 
 220 
 257 
 169 
 186 
 145 
 181 
 177 
 199 
 141 
 146 
 202 
 201 
 220 
 194 
 228 
 204 
 225 
 167 
 183 
 191 
 201 
 183 
 194 
 218 
 229 
 216 
 130 
 165 
 118 
 190 
 133 
 185 
 130 
 198 
 219 
 160 
 184 
 207 
 219 
 208 
 201 
 200 
 287 
 199 
 203 
 234 
 185 
 189 
 202 
 214 
 143 
 173 
 171 
 122 
 136 
 139 
 161 
 194 
 199 
 207 
 200 
 200 
 191 
 192 
 226 
 203 
 221 
 177 
 193 
 192 
 238 
 211 
 137 
 232 
 245 
 252 
 124 
 116 
 109 
 231 
 138 
 188 
 191 
 198 
 219 
 203 
 189 
 209 
 245 
 209 
 222 
 198 
 132 
 197 
 206 
 203 
 200 
 129 
 216 
 221 
 172 
 171 
 156 
 171 
 142 
 128 
 201 
 188 
 246 
 185 
 209 
 182 
 208 
 196 
 203 
 206 
 202 
 173 
 207 
 188 
 200 
 200 
 185 
 201 
 207 
 150 
 125 
 172 
 170 
 153 
 149 
 186 
 151 
 201 
 224 
 202 
 185 
 204 
 197 
 227 
 215 
 135 
 140 
 220 
 221 
 192 
 203 
 125 
 209 
 228 
 127 
 141 
 182 
 121 
 192 
 151 
 196 
 209 
 249 
 210 
 203 
 202 
 142 
 197 
 222 
 211 
 203 
 156 
 220 
 192 
 254 
 227 
 164 
 187 
 229 
 155 
 209 
 133 
 169 
 133 
 176 
 199 
 150 
 196 
 229 
 189 
 202 
 125 
 220 
 224 
 226 
 200 
 198 
 186 
 219 
 188 
 187 
 178 
 139 
 217 
 232 
 170 
 180 
 150 
 180 
 138 
 145 
 134 
 229 
 206 
 201 
 185 
 122 
 199 
 224 
 201 
 203 
 206 
 204 
 184 
 212 
 183 
 212 
 119 
 216 
 174 
 156 
 123 
 181 
 129 
 194 
 147 
 222 
 196 
 237 
 186 
 207 
 257 
 202 
 205 
 228 
 198 
 177 
 192 
 218 
 190 
 188 
 202 
 213 
 206 
 194 
 159 
 143 
 124 
 190 
 154 
 196 
 200 
 218 
 205 
 203 
 185 
 142 
 198 
 233 
 210 
 203 
 152 
 227 
 192 
 227 
 197 
 184 
 207 
 242 
 222 
 229 
 262 
 164 
 148 
 176 
 145 
 122 
 172 
 196 
 134 
 204 
 207 
 229 
 209 
 220 
 202 
 150 
 140 
 207 
 202 
 202 
 176 
 236 
 204 
 238 
 207 
 181 
 208 
  93 
 191 
 125 
 129 
 177 
 183 
 167 
 199 
 207 
 200 
 221 
 205 
 222 
 144 
 215 
 199 
 202 
 199 
 139 
 227 
 223 
 204 
 224 
 225 
 184 
 238 
 177 
 129 
 123 
 185 
 127 
 206 
 165 
 208 
 233 
 211 
 225 
 197 
 221 
 265 
 241 
 205 
 202 
 133 
 240 
 253 
 222 
 168 
 186 
 110 
 115 
 192 
 147 
 202 
 192 
 249 
 218 
 187 
 187 
 196 
 305 
 207 
 224 
 125 
 129 
 231 
 218 
 188 
 281 
 217 
 270 
 166 
 227 
 167 
 160 
 202 
 121 
 192 
 155 
 195 
 258 
 208 
 201 
 141 
 224 
 236 
 223 
 198 
 179 
 130 
 227 
 229 
 223 
 173 
 160 
 213 
 217 
 169 
 163 
 179 
 153 
 182 
 142 
 153 
 138 
 207 
 204 
 222 
 200 
 201 
 222 
 221 
 213 
 234 
 131 
 207 
 226 
 182 
 197 
 188 
 183 
 216 
 176 
 111 
 131 
 197 
 176 
 145 
 186 
 178 
 203 
 203 
 202 
 214 
 204 
 159 
 228 
 124 
 130 
 183 
 151 
 144 
 206 
 171 
 189 
 136 
 219 
 202 
 172 
 244 
 164 
 187 
 180 
 156 
 153 
 186 
 166 
 228 
 159 
 195 
 217 
 191 
 222 
 216 
 146 
 141 
 223 
 183 
 136 
 201 
 176 
 221 
 186 
 137 
 126 
 170 
 121 
 186 
 140 
 197 
 156 
 207 
 213 
 237 
 222 
 231 
 223 
 185 
 144 
 141 
 252 
 220 
 202 
 206 
 191 
 125 
 191 
 123 
 164 
 105 
 159 
 180 
 208 
 191 
 222 
 179 
 121 
 181 
 192 
 203 
 159 
 208 
 201 
 231 
 203 
 126 
 221 
 215 
 136 
 198 
 183 
 139 
 121 
 216 
 133 
 135 
 191 
 202 
 221 
 199 
 211 
 199 
 187 
 201 
 134 
 185 
 223 
 178 
 214 
 149 
 131 
 190 
 221 
 217 
 214 
 133 
 129 
 229 
 115 
 144 
 198 
 208 
 196 
 204 
 222 
 192 
 112 
 150 
 167 
 195 
 129 
 155 
 184 
 206 
 168 
 127 
 199 
 186 
 238 
 187 
 180 
 175 
 185 
 182 
 165 
 145 
 201 
 138 
 202 
 203 
 141 
 211 
 205 
 236 
 204 
 196 
 222 
 198 
 203 
 204 
 132 
 207 
 242 
 192 
 175 
 216 
 171 
 164 
 184 
 171 
 133 
 222 
 194 
 207 
 225 
 152 
 172 
 185 
 231 
 201 
 130 
 184 
 233 
 142 
 166 
 127 
 202 
 202 
 127 
 188 
 250 
 216 
 240 
 122 
 164 
 127 
 131 
 123 
 200 
 151 
 145 
 209 
 203 
 198 
 222 
 198 
 225 
 209 
 175 
 188 
 118 
 188 
 187 
 264 
 156 
 225 
 221 
 211 
 216 
 161 
 119 
 178 
 143 
 199 
 147 
 132 
 180 
 191 
 231 
 207 
 197 
 202 
 224 
 239 
 190 
 153 
 227 
 197 
 194 
 153 
 245 
 224 
 189 
 126 
 112 
 132 
 182 
 177 
 197 
 187 
 132 
 210 
 203 
 200 
 225 
 201 
 221 
 199 
 228 
 210 
 180 
 184 
 207 
 209 
 170 
 221 
 223 
 172 
 162 
 103 
 137 
 183 
 193 
 190 
 222 
 130 
 224 
 186 
 191 
 212 
 152 
 207 
 222 
 237 
 162 
 136 
 241 
 203 
 124 
 141 
 222 
 202 
 178 
 187 
 158 
 176 
 144 
 189 
 186 
 209 
 193 
 200 
 206 
 189 
 219 
 152 
 222 
 212 
 235 
 203 
 124 
 215 
 203 
 183 
 200 
 220 
 266 
 257 
 164 
 124 
 128 
 140 
 176 
 161 
 153 
 134 
 206 
 186 
 237 
 204 
 139 
 209 
 224 
 244 
 198 
 205 
 202 
 186 
 249 
 144 
 242 
 220 
 262 
 166 
 150 
 122 
 188 
 188 
 190 
 147 
 137 
 211 
 199 
 203 
 222 
 138 
 225 
 197 
 236 
 184 
 201 
 188 
 203 
 180 
 135 
 200 
 243 
 258 
 169 
 181 
 177 
 152 
 181 
 179 
 191 
 194 
 220 
 183 
 233 
 211 
 147 
 203 
 204 
 119 
 212 
 214 
 112 
 183 
 236 
 169 
 242 
 218 
 245 
 121 
 166 
 197 
 144 
 144 
 205 
 196 
 153 
 210 
 187 
 187 
 226 
 129 
 224 
 200 
 178 
 201 
 186 
 206 
 204 
 184 
 149 
 231 
 221 
 180 
 152 
 118 
 178 
 181 
 187 
 151 
 221 
 119 
 224 
 185 
 215 
 157 
 127 
 208 
 202 
 171 
 201 
 281 
 206 
 183 
 195 
 201 
 244 
 219 
 219 
 175 
 162 
 171 
 155 
 138 
 204 
 142 
 137 
 212 
 203 
 187 
 234 
 123 
 222 
 196 
 137 
 141 
 229 
 189 
 207 
 187 
 134 
 191 
 233 
 205 
 188 
 110 
 106 
 189 
 179 
 179 
 193 
 127 
 223 
 180 
 113 
 192 
 120 
 191 
 201 
 170 
 194 
 227 
 206 
 184 
 167 
 194 
 249 
 204 
 224 
 188 
 110 
 165 
 144 
 155 
 191 
 191 
 127 
 204 
 204 
 226 
 164 
 121 
 220 
 201 
 241 
 155 
 240 
 191 
 201 
 144 
 169 
 193 
 204 
 166 
 167 
 165 
 121 
 180 
 162 
 188 
 189 
 129 
 225 
 186 
 153 
 192 
 198 
 210 
 223 
 147 
 190 
 209 
 203 
 202 
 304 
 170 
 241 
 173 
 152 
 157 
 110 
 158 
 135 
 154 
 152 
 209 
 204 
 212 
 221 
 190 
 202 
 162 
 222 
 198 
 135 
 149 
 128 
 207 
 230 
 186 
 109 
 201 
 205 
 189 
 172 
 119 
 157 
 146 
 146 
 145 
 193 
 205 
 220 
 187 
 112 
 189 
 200 
 208 
 225 
 202 
 188 
 228 
 192 
 184 
 190 
 189 
 245 
 215 
 242 
 168 
 160 
 138 
 186 
 170 
 206 
 189 
 171 
 206 
 221 
 188 
 203 
 171 
 223 
 199 
 172 
 195 
 163 
 185 
 204 
 225 
 183 
 209 
 244 
 263 
 183 
 114 
 165 
 174 
 176 
 115 
 189 
 183 
 223 
 185 
 207 
 184 
 205 
 216 
 220 
 119 
 165 
 284 
 203 
 200 
 153 
 123 
 229 
 216 
 215 
 180 
 170 
 180 
 182 
 125 
 150 
 167 
 262 
 208 
 205 
 187 
 224 
 201 
 203 
 184 
 117 
 154 
 176 
 184 
 205 
 128 
 140 
 222 
 194 
 174 
 141 
 190 
 156 
 185 
 206 
 186 
 222 
 198 
 224 
 223 
 205 
 204 
 198 
 207 
 220 
 138 
 201 
 204 
 205 
 207 
 241 
 179 
 230 
 224 
 216 
 172 
 181 
 199 
 138 
 172 
 190 
 187 
 202 
 212 
 223 
 169 
 220 
 200 
 218 
 213 
 125 
 216 
 195 
 189 
 222 
 119 
 200 
 221 
 229 
 169 
 174 
 143 
 121 
 176 
 199 
 192 
 224 
 197 
 224 
 229 
 204 
 193 
 200 
 208 
 224 
 199 
 195 
 229 
 202 
 224 
 205 
 201 
 239 
 182 
 186 
 182 
 173 
 180 
 146 
 194 
 222 
 204 
 206 
 211 
 238 
 184 
 201 
 250 
 233 
 185 
 164 
 139 
 220 
 184 
 225 
 187 
 135 
 181 
 189 
 180 
 205 
 123 
 178 
 192 
 221 
 207 
 225 
 198 
 223 
 116 
 186 
 129 
 226 
 207 
 230 
 166 
 157 
 202 
 186 
 192 
 236 
 145 
 214 
 152 
 121 
 180 
 162 
 184 
 194 
 144 
 233 
 208 
 178 
 210 
 219 
 183 
 151 
 221 
 205 
 206 
 186 
 145 
 256 
 179 
 208 
 183 
 198 
 219 
 180 
 180 
 111 
 126 
 154 
 186 
 186 
 150 
 220 
 198 
 223 
 146 
 188 
 139 
 202 
 208 
 223 
 203 
 151 
 229 
 205 
 208 
 243 
 197 
 212 
 177 
 111 
 161 
 157 
 187 
 204 
 191 
 219 
 209 
 200 
 208 
 206 
 183 
 155 
 240 
 203 
 206 
 167 
 153 
 215 
 188 
 207 
 204 
 154 
 178 
 170 
 172 
 184 
 150 
 190 
 198 
 221 
 202 
 223 
 200 
 223 
 163 
 188 
 130 
 255 
 209 
 201 
 203 
 124 
 229 
 205 
 255 
 208 
 183 
 128 
 211 
 182 
 198 
 142 
 196 
 221 
 201 
 220 
 150 
 203 
 206 
 205 
 184 
 123 
 203 
 245 
 217 
 167 
 135 
 247 
 184 
 202 
 161 
 123 
 215 
 178 
 187 
 198 
 209 
 182 
 209 
 222 
 202 
 134 
 212 
 224 
 115 
 187 
 170 
 224 
 197 
 222 
 181 
 128 
 226 
 188 
 242 
 108 
 113 
 184 
 151 
 150 
 206 
 189 
 184 
 208 
 203 
 234 
 146 
 226 
 199 
 221 
 185 
 139 
 209 
 224 
 203 
 225 
 312 
 184 
 160 
 108 
 123 
 184 
 139 
 235 
 204 
 202 
 205 
 184 
 120 
 205 
 166 
 177 
 202 
 224 
 200 
 130 
 142 
 238 
 203 
 242 
 172 
 114 
 128 
 115 
 178 
 204 
 193 
 187 
 185 
 221 
 202 
 158 
 199 
 207 
 224 
 210 
 129 
 236 
 219 
 201 
 186 
 181 
 214 
 121 
 207 
 186 
 207 
 177 
 109 
 109 
 142 
 188 
 186 
 230 
 208 
 203 
 187 
 187 
 207 
 225 
 201 
 178 
 289 
 224 
 203 
 187 
 113 
 206 
 208 
 224 
 159 
 228 
 135 
 177 
 113 
 179 
 204 
 186 
 207 
 222 
 201 
 165 
 182 
 206 
 188 
 202 
 203 
 224 
 206 
 226 
 183 
 189 
 212 
 226 
 221 
 174 
 115 
 130 
 132 
 157 
 189 
 222 
 197 
 220 
 203 
 203 
 170 
 206 
 192 
 202 
 195 
 138 
 224 
 206 
 208 
 189 
 186 
 209 
 167 
 135 
 124 
 187 
 137 
 147 
 167 
 167 
 207 
 226 
 201 
 227 
 198 
 184 
 183 
 177 
 189 
 201 
 211 
 237 
 199 
 242 
 184 
 195 
 217 
 173 
 196 
 121 
 187 
 137 
 159 
 169 
 186 
 219 
 182 
 224 
 205 
 205 
 157 
 196 
 207 
 222 
 202 
 187 
 209 
 223 
 221 
 116 
 195 
 226 
 176 
 126 
 174 
 178 
 120 
 192 
 199 
 190 
 186 
 227 
 207 
 204 
 202 
 122 
 184 
 202 
 207 
 205 
 154 
 216 
 209 
 229 
 186 
 184 
 259 
 206 
 181 
 161 
 136 
 190 
 179 
 166 
 202 
 224 
 198 
 231 
 248 
 201 
 206 
 181 
 210 
 221 
 119 
 148 
 186 
 211 
 203 
 133 
 126 
 208 
 238 
 179 
 160 
 134 
 135 
 116 
 167 
 149 
 201 
 200 
 208 
 222 
 200 
 159 
 183 
 204 
 182 
 199 
 208 
 238 
 208 
 227 
 134 
 333 
 255 
 185 
 220 
 131 
 141 
 135 
 124 
 177 
 149 
 223 
 197 
 200 
 208 
 131 
 179 
 203 
 206 
 206 
 202 
 142 
 252 
 243 
 204 
 190 
 195 
 195 
 225 
 179 
 201 
 187 
 177 
 126 
 131 
 188 
 202 
 249 
 204 
 223 
 200 
 189 
 204 
 206 
 203 
 202 
 136 
 247 
 192 
 227 
 183 
 160 
 209 
 169 
 165 
 147 
 138 
 150 
 134 
 152 
 222 
 223 
 199 
 228 
 207 
 204 
 153 
 186 
 214 
 224 
 202 
 138 
 205 
 232 
 225 
 184 
 153 
 185 
 163 
 193 
 172 
 128 
 154 
 162 
 153 
 192 
 203 
 198 
 210 
 224 
 197 
 198 
 182 
 201 
 218 
 187 
 128 
 167 
 206 
 226 
 204 
 184 
 206 
 204 
 200 
 160 
 169 
 121 
 128 
 138 
 149 
 234 
 201 
 227 
 202 
 217 
 147 
 184 
 193 
 204 
 201 
 151 
 203 
 224 
 223 
 161 
 205 
 235 
 165 
 179 
 128 
 180 
 118 
 187 
 195 
 223 
 164 
 227 
 207 
 225 
 202 
 155 
 184 
 204 
 191 
 224 
 128 
 245 
 225 
 203 
 218 
 280 
 169 
 160 
 111 
 168 
 186 
 136 
 141 
 192 
 203 
 222 
 196 
 224 
 205 
 208 
 200 
 202 
 213 
 222 
 197 
 193 
 223 
 220 
 188 
 144 
 227 
 170 
 182 
 113 
 155 
 154 
 194 
 191 
 185 
 246 
 205 
 222 
 210 
 219 
 200 
 190 
 184 
 236 
 183 
 189 
 209 
 217 
 287 
 215 
 204 
 164 
 184 
 148 
 178 
 197 
 203 
 188 
 145 
 203 
 182 
 134 
 201 
 211 
 208 
 222 
 147 
 141 
 183 
 226 
 201 
 151 
 122 
 286 
 182 
 201 
 105 
 136 
 141 
 149 
 198 
 188 
 201 
 313 
 184 
 191 
 189 
 222 
 224 
 203 
 201 
 140 
 177 
 275 
 209 
 184 
 199 
 239 
 259 
 192 
 194 
 152 
 102 
 193 
 197 
 206 
 148 
 221 
 215 
 205 
 203 
 138 
 208 
 237 
 209 
 223 
 136 
 180 
 193 
 206 
 186 
 190 
 131 
 210 
 100 
 198 
 138 
 160 
 192 
 150 
 206 
 225 
 200 
 274 
 187 
 202 
 152 
 213 
 199 
 205 
 181 
 185 
 266 
 208 
 209 
 224 
 136 
 181 
 122 
 190 
 136 
 223 
 179 
 175 
 187 
 184 
 160 
 242 
 218 
 221 
 183 
 149 
 192 
 183 
 204 
 205 
 177 
 139 
 123 
 242 
 206 
 164 
 195 
 172 
 191 
 116 
 206 
 189 
 158 
 224 
 201 
 361 
 201 
 354 
 187 
 223 
 187 
 176 
 170 
 284 
 185 
 216 
 155 
 180 
 209 
 174 
 181 
 118 
 117 
 177 
 208 
 168 
 184 
 304 
 203 
 223 
 130 
 224 
 240 
 201 
 183 
 142 
 163 
 221 
 229 
 229 
 159 
 148 
 125 
 220 
 136 
 133 
 183 
 129 
 191 
 145 
 187 
 191 
 279 
 225 
 199 
 145 
 184 
 133 
 191 
 204 
 146 
 156 
 217 
 222 
 201 
 149 
 228 
 121 
 209 
 196 
 161 
 108 
 120 
 185 
 139 
 151 
 187 
 245 
 206 
 222 
 246 
 223 
 200 
 203 
 199 
 227 
 242 
 208 
 209 
 203 
 145 
 228 
 197 
 201 
 136 
 201 
 117 
 118 
 137 
 203 
 154 
 237 
 159 
 223 
 201 
 152 
 150 
 169 
 188 
 225 
 144 
 138 
 234 
 202 
 205 
 199 
 192 
 115 
 172 
 139 
 142 
 171 
 143 
 189 
 174 
 203 
 204 
 134 
 203 
 222 
 127 
 208 
 166 
 204 
 185 
 143 
 161 
 231 
 188 
 223 
 221 
 174 
 124 
 110 
 145 
 146 
 142 
 130 
 200 
 227 
 222 
 185 
 195 
 199 
 182 
 217 
 183 
 204 
 190 
 182 
 211 
 252 
 186 
 216 
 253 
 181 
 117 
 164 
 143 
 133 
 195 
 191 
 128 
 204 
 178 
 223 
 201 
4602 
 141 
  86 
 274 
 183 
 226 
 200 
 202 
 244 
 124 
 223 
 224 
 234 
 199 
 167 
 154 
 179 
 187 
 153 
 190 
 127 
 211 
 221 
 188 
 222 
 131 
 226 
 202 
 145 
 190 
 228 
 185 
 187 
 152 
 144 
 282 
 222 
 261 
 173 
 142 
 113 
 188 
 137 
 150 
 192 
 201 
 226 
 142 
 204 
 208 
 209 
 207 
 224 
 184 
 211 
 248 
 202 
 200 
 233 
 133 
 215 
 221 
 191 
 159 
 172 
 163 
 180 
 193 
 150 
  85 
 133 
 204 
 222 
 186 
 235 
 199 
 224 
 201 
 177 
 194 
 196 
 185 
 204 
 180 
 142 
 219 
 208 
 237 
 145 
 185 
 115 
 174 
 152 
 204 
 223 
 139 
 239 
 215 
 201 
 167 
 125 
 195 
 201 
 221 
 206 
 214 
 224 
 183 
 182 
 268 
 191 
 170 
 215 
 132 
 118 
 178 
 139 
 223 
 182 
 204 
 141 
 208 
 223 
 185 
 205 
 150 
 201 
 200 
 131 
 191 
 224 
 181 
 253 
 232 
 159 
 220 
 181 
 202 
 156 
 111 
 121 
 141 
 119 
 201 
 200 
 128 
 225 
 198 
 203 
 214 
 124 
 227 
 221 
 240 
 210 
 225 
 230 
 203 
 178 
 205 
 200 
 224 
 187 
 114 
 167 
 123 
 178 
 148 
 191 
 187 
 122 
 207 
 224 
 192 
 201 
 121 
 221 
 202 
 243 
 193 
 232 
 153 
 202 
 314 
 192 
 222 
 181 
 234 
 133 
 179 
 122 
 126 
 187 
 189 
 223 
 186 
 223 
 204 
 181 
 185 
 112 
 182 
 224 
 236 
 194 
 221 
 125 
 183 
 239 
 210 
 247 
 216 
 211 
 168 
 160 
 113 
 146 
 147 
 207 
 146 
 139 
 206 
 219 
 189 
 221 
 120 
 222 
 198 
 222 
 182 
 208 
 180 
 200 
 234 
 147 
 233 
 226 
 155 
 171 
 191 
 152 
 128 
 137 
 150 
 222 
 122 
 221 
 207 
 184 
 190 
 155 
 205 
 202 
 239 
 203 
 206 
 204 
 183 
 274 
 170 
 224 
 171 
 187 
 110 
 185 
 156 
 138 
 214 
 154 
 204 
 125 
 209 
 221 
 188 
 200 
 206 
 223 
 204 
 165 
 210 
 228 
 184 
 187 
 152 
 178 
 223 
 244 
 166 
 181 
 118 
 111 
 138 
 140 
 188 
 188 
 175 
 223 
 201 
 235 
 207 
 189 
 203 
 223 
 120 
 168 
 168 
 224 
 229 
 206 
 238 
 184 
 171 
 136 
 128 
 136 
 189 
 129 
 189 
 149 
 208 
 199 
 148 
 224 
 121 
 204 
 183 
 223 
 202 
 121 
 186 
 243 
 159 
 134 
 280 
 168 
 190 
 145 
 128 
 183 
 132 
 155 
 163 
 198 
 189 
 221 
 127 
 226 
 200 
 234 
 190 
 183 
 184 
 230 
 184 
 133 
 224 
 249 
 186 
 178 
 218 
 230 
 217 
 128 
 167 
 120 
 128 
 137 
 187 
 152 
 210 
 205 
 206 
 222 
 167 
 201 
 182 
 221 
 205 
 176 
 150 
 221 
 189 
 201 
 189 
 164 
 218 
 221 
 174 
 189 
 130 
 129 
 179 
 154 
 147 
 223 
 197 
 223 
 204 
 205 
 191 
 197 
 202 
 224 
 196 
 152 
 201 
 203 
 189 
 187 
 146 
 210 
 150 
 129 
 125 
 176 
 165 
 142 
 206 
 193 
 209 
 202 
 212 
 220 
 164 
 202 
 184 
 223 
 200 
 186 
 151 
 235 
 117 
 202 
 156 
 203 
 208 
 206 
 185 
 127 
 190 
 180 
 165 
 157 
 139 
 224 
 200 
 222 
 205 
 113 
 201 
 202 
 207 
 231 
 135 
 123 
 205 
 220 
 187 
 246 
 179 
 223 
 179 
 161 
 136 
 184 
 127 
 171 
 189 
 219 
 207 
 199 
 208 
 221 
 202 
 203 
 180 
 203 
 183 
 125 
 152 
 245 
 157 
 204 
 183 
 113 
 217 
 205 
 189 
 109 
 139 
 124 
 208 
 192 
 211 
 223 
 197 
 229 
 201 
 166 
 138 
 203 
 207 
 200 
 157 
 199 
 201 
 228 
 180 
 214 
 134 
 170 
 183 
 136 
 136 
 140 
 157 
 208 
 134 
 195 
 208 
 200 
 204 
 204 
 258 
 208 
 211 
 221 
 200 
 117 
 201 
 223 
 190 
 188 
 184 
 146 
 216 
 222 
 178 
 135 
 177 
 168 
 160 
 151 
 187 
 220 
 200 
 226 
 201 
 108 
 218 
 230 
 203 
 201 
 176 
 214 
 212 
 224 
 185 
 114 
 210 
 143 
 227 
 179 
 178 
 248 
 112 
 139 
 211 
 209 
 166 
 201 
 207 
 223 
 201 
 201 
 204 
 231 
 201 
 167 
 195 
 208 
 228 
 186 
 193 
 173 
 162 
 133 
 180 
 209 
 140 
 204 
 188 
 189 
 211 
 225 
 195 
 224 
 206 
 167 
 186 
 238 
 218 
 202 
 168 
 137 
 193 
 285 
 172 
 217 
 147 
 170 
 113 
 133 
 194 
 159 
 168 
 179 
 125 
 204 
 129 
 200 
 208 
 220 
 165 
 203 
 224 
 228 
 198 
 117 
 198 
 243 
 202 
 183 
 238 
 178 
 243 
 132 
 123 
 150 
 201 
 145 
 210 
 204 
 119 
 222 
 184 
 222 
 204 
 146 
 168 
 213 
 259 
 223 
 184 
 118 
 221 
 179 
 167 
 161 
 194 
 140 
 196 
 150 
 205 
 222 
 184 
 204 
 204 
 205 
 134 
 220 
 210 
 200 
 200 
 183 
 198 
 203 
 205 
 230 
 137 
 188 
 202 
 116 
 176 
 207 
 147 
 119 
 212 
 225 
 209 
 203 
 186 
 223 
 182 
 199 
 202 
 221 
 207 
 140 
 138 
 203 
 205 
 242 
 216 
 157 
 222 
 145 
 150 
 136 
 149 
 195 
 199 
 203 
 205 
 225 
 227 
 111 
 205 
 148 
 152 
 220 
 214 
 204 
 199 
 179 
 189 
 166 
 213 
 220 
 203 
 231 
 175 
 150 
 125 
 117 
 187 
 207 
 140 
 224 
 210 
 222 
 207 
 200 
 201 
 137 
 203 
 230 
 199 
 212 
 130 
 223 
 207 
 226 
 228 
 156 
 243 
 176 
 161 
 111 
 138 
 113 
 160 
 153 
 206 
 222 
 177 
 203 
 228 
 119 
 118 
 203 
 195 
 235 
 202 
 175 
 191 
 224 
 220 
 243 
 154 
 207 
 183 
 152 
 125 
 179 
 187 
 193 
 206 
 203 
 211 
 203 
 227 
 235 
 203 
 157 
 223 
 210 
 204 
 203 
 148 
 201 
 217 
 225 
 216 
 172 
 128 
 183 
 178 
 160 
 194 
 188 
 205 
 229 
 199 
 227 
 192 
 208 
 203 
 127 
 185 
 222 
 209 
 201 
 219 
 196 
 127 
 201 
 210 
 214 
 197 
 111 
 127 
 142 
 157 
 155 
 140 
 226 
 207 
 222 
 204 
 223 
 209 
 205 
 198 
 215 
 108 
 203 
 209 
 202 
 140 
 204 
 205 
 209 
 169 
 111 
 137 
 194 
 160 
 160 
 192 
 201 
 207 
 224 
 201 
 191 
 128 
 205 
 189 
 158 
 150 
 243 
 205 
 222 
 203 
 140 
 195 
 222 
 194 
 173 
 133 
 139 
 183 
 126 
 197 
 223 
 198 
 224 
 229 
 222 
 216 
 212 
 188 
 205 
 202 
 180 
 230 
 205 
 208 
 224 
 175 
 209 
 177 
 131 
 174 
 185 
 136 
 194 
 186 
 169 
 186 
 196 
 209 
 224 
 201 
 130 
 133 
 205 
 208 
 134 
 151 
 224 
 242 
 226 
 208 
 179 
 228 
 182 
 188 
 117 
 146 
 183 
 201 
 164 
 191 
 222 
 200 
 221 
 205 
 206 
 125 
 205 
 206 
 200 
 203 
 135 
 211 
 232 
 209 
 207 
 135 
 216 
 222 
 196 
 241 
 113 
 126 
 154 
 156 
 136 
 188 
 221 
 209 
 222 
 201 
 163 
 212 
 201 
 193 
 203 
 143 
 238 
 208 
 244 
 199 
 190 
 201 
 223 
 156 
 173 
 135 
 174 
 184 
 182 
 191 
 188 
 199 
 230 
 209 
 202 
 128 
 188 
 178 
 234 
 186 
 144 
 222 
 226 
 225 
 201 
 108 
 129 
 225 
 205 
 167 
 120 
 129 
 188 
 194 
 169 
 165 
 246 
 211 
 226 
 202 
 198 
 198 
 201 
 201 
 203 
 181 
 211 
 217 
 228 
 184 
 225 
 214 
 221 
 206 
 172 
 113 
 139 
 153 
 111 
 160 
 187 
 201 
 231 
 206 
 203 
 205 
 202 
 190 
 228 
 202 
 192 
 175 
 224 
 208 
 205 
 161 
 202 
 226 
 198 
 172 
 157 
 189 
 194 
 198 
 190 
 136 
 244 
 191 
 221 
 201 
 167 
 202 
 206 
 212 
 202 
 126 
 172 
 209 
 228 
 217 
 161 
 220 
 193 
 178 
 173 
 168 
 119 
 201 
 182 
 208 
 222 
 198 
 221 
 207 
 203 
 196 
 243 
 230 
 222 
 204 
 110 
 191 
 221 
 225 
 221 
 144 
 251 
 171 
 188 
 118 
 161 
 175 
 145 
 193 
 150 
 228 
 228 
 192 
 200 
 186 
 134 
 209 
 210 
 204 
 226 
 142 
 130 
 205 
 226 
 209 
 231 
 225 
 222 
 129 
 164 
 115 
 145 
 153 
 208 
 188 
 187 
 200 
 203 
 186 
 206 
 186 
 223 
 193 
 221 
 200 
 156 
 223 
 221 
 246 
 227 
 205 
 225 
 225 
 182 
 111 
 124 
 157 
 133 
 153 
 174 
 205 
 226 
 208 
 222 
 203 
 121 
 189 
 203 
 184 
 185 
 186 
 171 
 213 
 241 
 201 
 210 
 224 
 222 
 169 
 165 
 112 
 176 
 122 
 181 
 152 
 225 
 206 
 226 
 206 
 222 
 187 
 158 
 227 
 221 
 200 
 131 
 170 
 202 
 207 
 225 
 137 
 142 
 189 
 173 
 169 
 109 
 174 
 181 
 210 
 151 
 203 
 226 
 184 
 202 
 200 
 142 
 182 
 190 
 205 
 230 
 167 
 171 
 268 
 220 
 205 
 232 
 221 
 173 
 171 
 119 
 117 
 137 
 126 
 101 
 171 
 232 
 203 
 245 
 191 
 214 
 163 
 222 
 224 
 204 
 202 
 163 
 143 
 267 
 212 
 252 
 239 
 156 
 216 
 129 
 117 
 150 
 138 
 213 
 189 
 225 
 203 
 223 
 204 
 201 
 202 
 127 
 203 
 260 
 210 
 202 
 206 
 123 
 195 
 201 
 190 
 164 
 108 
 153 
 197 
 131 
 196 
 186 
 253 
 222 
 201 
 160 
 147 
 150 
 190 
 206 
 133 
 237 
 197 
 224 
 202 
 177 
 178 
 199 
 205 
 194 
 155 
 150 
 191 
 179 
 127 
 167 
 189 
 287 
 230 
 244 
 239 
 221 
 245 
 201 
 199 
 178 
 141 
 199 
 227 
 204 
 225 
 190 
 130 
 205 
 166 
 214 
 110 
 144 
 194 
 156 
 192 
 164 
 133 
 203 
 205 
 235 
 200 
 291 
 192 
 128 
 176 
 201 
 209 
 243 
 229 
 196 
 176 
 192 
 223 
 177 
 181 
 191 
 141 
 184 
 117 
 215 
 151 
 256 
 212 
 222 
 216 
 224 
 129 
 204 
 215 
 186 
 155 
 145 
 229 
 221 
 183 
 125 
 183 
 233 
 167 
 248 
 138 
 167 
 177 
 156 
 135 
 191 
 189 
 224 
 216 
 216 
 198 
 273 
 191 
 185 
 129 
 206 
 131 
 311 
 203 
 244 
 155 
 131 
 219 
 158 
 153 
 173 
 120 
 182 
 137 
 195 
 195 
 154 
 207 
 222 
 189 
 225 
 169 
 209 
 183 
 180 
 168 
 218 
 229 
 204 
 216 
 134 
 168 
 208 
 186 
 189 
 130 
 108 
 193 
 122 
 203 
 151 
 142 
 226 
 202 
 130 
 202 
 162 
 187 
 185 
 245 
 193 
 214 
 206 
 204 
 211 
 165 
 246 
 208 
 200 
 227 
 188 
 199 
 197 
 180 
 124 
 147 
 134 
 129 
 205 
 207 
 221 
 201 
 204 
 215 
 234 
 207 
 223 
 186 
 221 
 231 
 155 
 185 
 228 
 207 
 204 
 165 
 166 
 169 
 177 
 118 
 184 
 139 
 160 
 136 
 221 
 204 
 133 
 190 
 232 
 128 
 162 
 128 
 226 
 203 
 185 
 146 
 214 
 203 
 243 
 127 
 211 
 246 
 190 
 162 
 164 
 182 
 154 
 138 
 186 
 173 
 202 
 170 
 157 
 150 
 147 
 214 
 198 
 204 
 225 
 226 
 179 
 191 
 222 
 209 
 179 
 211 
 243 
 147 
 133 
 172 
 125 
 180 
 176 
 198 
 194 
 204 
 197 
 187 
 221 
 159 
 225 
 208 
 220 
 202 
 238 
 197 
 197 
 205 
 203 
 206 
 254 
 223 
 211 
 167 
 167 
 150 
 181 
 140 
 200 
 199 
 223 
 164 
 207 
 202 
 197 
 183 
 130 
 211 
 201 
 249 
 170 
 192 
 204 
 186 
 174 
 170 
 197 
 206 
 200 
 170 
 117 
 141 
 142 
 182 
 193 
 210 
 206 
 192 
 202 
 249 
 218 
 155 
 219 
 203 
 185 
 176 
 209 
 209 
 204 
 211 
 210 
 217 
 223 
 257 
 197 
 186 
 183 
 184 
 144 
 201 
 196 
 155 
 208 
 200 
 285 
 220 
 150 
 202 
 222 
 187 
 202 
 191 
 220 
 202 
 181 
 168 
 224 
 209 
 135 
 129 
 116 
 174 
 135 
 172 
 187 
 119 
 134 
 130 
 225 
 209 
 221 
 142 
 230 
 202 
 192 
 188 
 231 
 212 
 200 
 224 
 205 
 226 
 242 
 217 
 226 
 199 
 179 
 113 
 144 
 184 
 149 
 145 
 141 
 186 
 221 
 188 
 148 
 230 
 229 
 228 
 180 
 114 
 221 
 202 
 230 
 198 
 222 
 260 
 202 
 180 
 200 
 189 
 213 
 167 
 170 
 123 
 179 
 172 
 174 
 188 
 223 
 199 
 221 
 208 
 138 
 180 
 121 
 209 
 208 
 109 
 210 
 202 
 203 
 220 
 229 
 165 
 232 
 166 
 201 
 105 
 144 
 124 
 136 
 190 
 203 
 187 
 126 
 210 
 201 
 214 
 163 
 118 
 206 
 201 
 187 
 202 
 225 
 202 
 186 
 227 
 169 
 124 
 117 
 133 
 146 
 146 
 187 
 124 
 208 
 190 
 223 
 147 
 222 
 206 
 178 
 175 
 112 
 193 
 204 
 118 
 198 
 223 
 250 
 199 
 229 
 183 
 161 
 132 
 137 
 170 
 193 
 154 
 167 
 185 
 223 
 209 
 152 
 215 
 221 
 119 
 209 
 186 
 219 
 199 
 195 
 158 
 227 
 216 
 184 
 169 
 129 
 125 
 186 
 150 
 197 
 150 
 126 
 190 
 231 
 138 
 226 
 197 
 224 
 202 
 224 
 127 
 208 
 200 
 202 
 128 
 189 
 184 
 189 
 203 
 149 
 128 
 120 
 184 
 192 
 154 
 195 
 185 
 201 
 185 
 118 
 206 
 198 
 208 
 199 
 109 
 207 
 186 
 200 
 199 
 243 
 148 
 245 
 256 
 122 
 186 
 174 
 158 
 123 
 172 
 111 
 187 
 190 
 188 
 251 
 234 
 192 
 161 
 223 
 206 
 171 
 119 
 205 
 199 
 203 
 185 
 230 
 221 
 217 
 233 
 201 
 155 
 189 
 180 
 142 
 143 
 189 
 182 
 167 
 209 
 230 
 206 
 206 
 207 
 177 
 128 
  82 
 147 
 202 
 185 
 233 
 187 
 230 
 223 
 222 
 182 
 181 
 223 
 182 
 169 
 140 
 189 
 120 
 126 
 155 
 142 
 220 
 200 
 220 
 202 
 203 
 173 
 183 
 209 
 223 
 208 
 190 
 232 
 207 
 250 
 310 
 166 
 202 
 207 
 173 
 144 
 143 
 176 
 123 
 148 
 152 
 202 
 203 
 211 
 221 
 165 
 236 
 184 
 200 
 188 
 150 
 194 
 236 
 200 
 202 
 120 
 116 
 225 
 209 
 169 
 163 
 126 
 184 
 156 
 157 
 196 
 187 
 199 
 222 
 203 
 220 
 181 
 181 
 224 
 222 
 166 
 195 
 205 
 245 
 218 
 181 
 147 
 200 
 251 
 211 
 238 
 134 
 174 
 135 
 215 
 154 
 210 
 202 
 132 
 164 
 151 
 159 
 200 
 180 
 184 
 245 
 218 
 239 
 208 
 225 
 352 
 166 
 221 
 231 
 131 
 172 
 109 
 112 
 192 
 119 
 178 
 225 
 198 
 209 
 204 
 200 
 196 
 183 
 183 
 204 
 142 
 205 
 222 
 216 
 198 
 169 
 134 
 190 
 172 
 128 
 114 
 180 
  88 
 131 
 104 
 198 
 210 
 198 
 184 
 204 
 178 
 154 
 185 
 223 
 201 
 186 
 152 
 221 
 201 
 244 
 185 
 136 
 155 
 130 
 134 
 187 
 180 
 135 
 214 
 185 
 186 
 219 
 200 
 225 
 187 
 186 
 192 
 184 
 190 
 202 
 116 
 139 
 227 
 203 
 218 
 186 
 120 
 154 
 129 
 175 
 199 
 134 
 143 
 111 
 189 
 222 
 204 
 197 
 210 
 223 
 202 
 158 
 182 
 201 
 189 
 165 
 124 
 111 
 155 
 203 
 112 
 177 
 208 
 223 
 176 
 183 
 103 
 134 
 157 
 104 
 148 
 194 
 196 
 205 
 203 
 145 
 158 
 201 
 210 
 224 
 115 
 150 
 205 
 243 
 216 
 187 
 137 
 226 
 224 
 183 
 180 
 120 
 125 
 171 
 124 
 192 
 189 
 198 
 207 
 222 
 173 
 223 
 186 
 204 
 204 
 222 
 135 
 219 
 227 
 151 
 198 
 140 
 211 
 218 
 256 
 201 
 176 
 130 
 182 
 159 
 147 
 202 
 198 
 200 
 202 
 189 
 143 
 180 
 194 
 202 
 115 
 188 
 228 
 231 
 206 
 151 
 132 
 242 
 215 
 130 
 179 
 161 
 107 
 112 
 140 
 155 
 195 
 201 
 207 
 221 
 202 
 219 
 206 
 222 
 177 
 221 
 150 
 230 
 192 
 245 
 185 
 165 
 214 
 247 
 224 
 161 
 142 
 121 
 158 
 160 
 189 
 221 
 198 
 220 
 207 
 202 
 132 
 182 
 189 
 202 
 184 
 124 
 231 
 299 
 232 
 202 
 184 
 162 
 202 
 188 
 172 
 134 
 158 
 130 
 121 
 222 
 203 
 214 
 214 
 219 
 200 
 156 
 183 
 242 
 203 
 181 
 141 
 220 
 225 
 228 
 149 
 173 
 118 
 186 
 182 
 186 
 198 
 168 
 208 
 201 
 129 
 196 
 200 
 229 
 184 
 184 
 163 
 142 
 111 
 113 
 118 
 100 
 144 
 160 
  80 
  86 
 119 
 139 
 115 
  99 
 126 
 125 
 133 
 166 
 113 
  70 
  85 
 108 
  94 
 142 
 152 
 158 
 140 
 141 
 139 
 158 
 112 
 102 
 148 
 147 
 108 
 137 
 159 
 122 
 158 
 164 
 176 
 170 
 174 
 137 
 105 
  82 
 125 
 157 
  80 
  99 
  80 
  90 
  91 
  97 
 110 
 144 
  98 
  71 
 104 
  99 
 198 
  75 
  79 
 112 
  86 
 116 
 194 
 103 
  99 
 157 
 239 
 154 
 119 
  99 
 152 
 167 
 166 
 105 
  98 
 157 
 223 
 107 
 150 
 189 
 193 
 207 
 179 
 176 
 185 
 180 
 123 
 126 
 145 
  97 
  78 
 109 
  86 
 131 
 171 
 139 
 163 
 143 
 133 
 125 
 136 
 263 
  88 
  84 
  87 
 150 
 171 
 187 
 154 
 185 
 123 
 126 
  96 
 144 
 164 
 122 
 155 
 525 
 118 
 158 
 119 
 165 
 194 
 200 
 160 
 200 
 190 
 202 
 193 
 209 
 183 
 176 
 184 
 216 
 186 
 164 
 190 
 169 
 125 
 226 
 185 
 164 
 133 
 143 
 127 
 167 
 156 
 123 
 120 
 175 
 170 
 189 
 117 
 108 
 152 
 123 
 196 
 167 
 153 
 163 
 107 
 114 
 163 
 155 
 147 
 200 
 140 
 165 
 114 
 163 
 166 
 114 
 167 
 115 
 162 
 184 
 191 
 200 
 171 
 162 
 183 
 123 
  99 
  74 
  77 
  91 
 111 
  80 
  90 
  82 
 101 
  82 
  77 
 101 
 104 
 111 
 113 
 104 
  71 
 110 
 124 
 113 
 131 
 124 
 113 
 141 
 187 
 118 
 110 
  73 
  77 
 111 
 116 
 110 
  73 
  71 
 102 
  83 
 135 
 135 
  91 
 118 
 106 
 113 
 127 
 109 
 117 
  82 
 120 
  86 
  77 
 128 
  77 
  83 
 102 
  79 
 121 
  73 
  88 
  84 
  78 
 102 
 108 
  87 
  99 
 135 
 184 
 172 
 104 
 132 
 165 
 162 
 178 
 154 
 155 
 153 
 156 
 232 
 185 
 203 
 158 
 144 
 208 
 223 
 205 
 174 
 138 
 220 
 206 
 186 
 185 
 123 
 159 
 131 
 114 
 137 
 134 
 123 
 117 
 121 
 120 
 116 
 100 
 100 
  91 
  83 
 144 
 106 
 106 
  68 
 214 
 145 
 118 
 122 
 107 
 111 
  78 
  88 
  77 
  99 
 107 
  84 
 294 
  78 
  91 
 109 
  92 
  79 
  75 
  74 
  92 
  81 
  75 
  80 
  97 
  93 
 120 
  94 
  77 
  99 
  92 
 113 
  84 
  89 
 117 
  99 
  80 
 106 
  74 
  74 
  82 
  81 
 112 
 112 
 116 
 127 
 115 
 107 
 116 
  91 
 156 
 140 
 170 
 154 
 160 
 155 
 136 
 157 
 206 
 199 
 184 
 132 
 199 
 256 
 144 
 161 
 129 
 160 
 166 
 124 
 172 
 136 
 180 
 170 
 149 
 163 
 188 
 201 
 188 
 198 
 184 
 178 
 175 
 194 
 189 
 202 
 120 
 147 
 160 
 161 
 149 
 170 
 166 
 140 
 172 
 111 
 109 
 158 
 126 
 120 
 152 
 172 
 132 
  83 
  85 
 163 
 116 
 170 
 156 
 143 
 148 
 228 
 162 
 100 
 111 
 150 
 202 
 156 
 158 
 146 
 166 
  92 
 104 
 102 
 117 
  86 
  77 
  76 
  76 
  85 
  75 
 133 
 162 
 218 
 123 
 150 
 156 
 155 
 146 
 145 
 146 
 155 
 128 
 163 
 197 
 167 
 131 
 104 
 118 
 164 
 125 
 167 
 140 
 152 
 190 
 205 
 192 
 188 
 195 
 210 
 183 
 246 
 178 
 131 
  82 
 146 
 203 
 139 
 130 
 160 
 167 
 144 
  93 
 176 
 191 
 132 
 234 
 212 
 163 
 163 
 121 
 145 
 159 
 136 
 172 
 202 
 187 
 202 
 309 
 156 
 113 
 142 
 207 
 226 
 189 
 181 
 155 
 180 
 246 
 210 
 186 
 169 
 116 
 263 
 186 
 162 
 164 
 180 
 166 
 160 
 111 
 127 
 128 
 248 
 188 
 166 
 177 
 202 
 203 
 204 
 186 
 194 
 179 
 232 
 213 
 201 
 107 
 173 
 210 
 211 
 190 
 161 
 101 
  83 
  85 
  94 
  77 
 159 
 171 
 232 
 266 
  81 
 151 
 141 
 119 
 145 
 211 
 142 
 145 
 140 
 156 
 212 
 116 
 156 
 190 
 156 
 109 
 174 
 148 
 199 
 185 
 154 
 180 
 114 
 128 
 131 
 187 
 131 
 131 
 187 
 198 
 170 
 195 
 124 
 113 
  78 
 118 
 158 
 102 
 139 
 136 
 118 
  83 
 123 
 125 
 147 
  74 
 134 
  93 
 163 
 197 
 170 
  98 
 151 
 158 
 100 
 163 
 156 
 141 
 102 
 172 
 200 
 185 
 127 
 126 
 128 
 129 
  90 
  77 
  81 
 120 
  81 
 217 
 111 
 142 
  81 
 257 
  84 
  91 
  70 
  72 
  77 
  99 
 120 
 153 
 156 
 157 
 151 
 154 
 148 
 153 
 138 
 162 
 179 
 193 
 196 
 239 
 179 
 123 
 204 
 193 
 228 
 174 
 177 
 167 
 160 
 116 
 188 
 151 
 201 
 188 
 200 
 187 
 146 
 177 
 206 
 120 
 155 
 104 
  97 
 174 
 111 
 181 
 187 
 191 
 209 
 183 
 123 
 169 
 146 
 116 
 156 
 159 
 164 
 151 
 122 
 183 
 187 
  97 
 150 
 100 
 128 
 172 
 117 
 196 
 152 
 147 
 174 
 112 
 135 
  91 
 166 
  91 
 108 
 132 
 136 
  73 
  79 
 104 
 105 
  78 
  85 
 135 
  82 
 112 
 113 
 132 
 104 
 143 
  96 
 191 
 121 
 164 
 124 
 211 
 115 
 102 
 153 
 116 
 104 
 112 
 273 
 112 
 104 
 142 
 167 
 158 
 140 
 115 
 152 
 109 
 105 
 144 
 103 
 185 
 219 
 146 
 111 
 106 
  87 
 186 
 194 
 130 
  79 
 113 
 114 
 158 
 156 
 153 
  94 
 118 
 109 
 154 
 138 
 128 
 151 
 211 
 112 
  97 
  95 
 157 
 162 
 109 
 120 
 161 
  89 
 144 
 149 
 118 
 103 
 113 
 108 
 174 
 101 
 101 
  99 
 136 
 218 
 102 
 201 
 191 
 190 
 144 
 163 
 177 
 171 
 182 
 125 
 155 
 212 
 151 
 166 
 161 
 120 
 159 
 114 
 129 
  99 
 109 
 154 
 155 
 172 
 176 
 129 
 195 
 162 
 263 
 107 
 146 
 203 
 270 
 107 
 104 
 170 
 151 
 155 
  97 
 105 
 108 
 119 
 115 
 152 
 136 
 163 
 113 
 108 
 130 
 150 
 115 
 155 
 172 
 156 
 156 
 103 
 156 
 182 
 181 
 149 
 170 
 206 
 205 
 159 
 183 
 216 
 203 
 192 
 185 
 119 
 135 
 133 
 145 
 150 
 179 
 203 
 231 
 211 
 705 
 101 
 141 
 142 
 163 
 118 
 133 
 110 
 135 
 145 
 123 
 167 
 129 
 158 
 158 
 177 
 177 
 159 
 163 
 173 
 181 
 119 
 102 
 168 
 132 
 174 
 210 
 197 
 195 
 221 
 141 
 172 
 168 
 202 
 209 
 184 
 186 
 208 
 203 
 223 
 202 
 122 
 172 
 125 
 148 
 189 
 121 
 130 
 187 
 187 
 191 
 212 
 131 
 199 
 200 
 217 
 212 
 220 
 190 
 198 
 191 
 153 
 226 
 244 
 222 
 228 
 123 
 185 
 205 
 200 
 133 
 170 
 129 
 125 
 145 
 159 
 153 
 104 
 152 
 152 
 176 
 147 
 113 
 201 
 191 
 201 
 120 
 138 
 141 
 201 
 187 
 105 
 141 
 147 
 149 
 140 
 136 
 107 
  96 
 107 
 146 
 144 
 152 
 154 
 146 
 165 
 134 
 100 
 180 
 368 
 153 
  86 
 149 
  79 
 134 
  93 
  90 
 127 
 159 
 160 
 165 
 175 
 178 
 130 
 116 
 120 
 182 
 127 
 190 
 203 
 193 
 200 
 111 
 201 
 187 
 202 
 187 
 221 
 156 
 199 
 233 
 172 
 194 
 225 
 243 
 194 
 195 
 158 
 110 
 166 
 159 
 178 
 168 
 208 
 186 
 197 
 190 
 120 
 192 
 200 
 165 
 194 
 218 
 223 
 191 
 119 
 181 
 220 
 235 
 223 
 220 
 189 
 173 
 129 
 131 
 134 
 119 
 173 
 188 
 187 
 213 
 222 
 160 
 200 
 216 
 143 
 139 
 113 
 171 
 160 
 158 
 172 
 192 
 200 
 193 
 185 
 204 
 199 
 131 
 163 
 124 
 175 
 135 
 154 
 176 
 201 
 205 
 204 
 192 
 202 
 205 
 205 
 221 
 202 
 190 
 121 
 126 
 225 
 192 
 225 
 218 
 138 
 241 
 128 
 140 
 171 
 188 
 148 
 212 
 221 
 194 
 224 
 203 
 200 
 170 
 119 
 189 
 126 
 185 
 172 
 122 
 117 
 130 
 149 
 122 
 118 
 131 
 150 
 178 
 184 
 174 
 140 
 114 
 166 
 181 
 183 
 208 
 200 
 205 
 217 
 168 
 153 
 151 
 203 
 204 
 117 
 132 
 231 
 210 
 204 
 131 
 178 
 207 
 205 
 169 
 182 
 167 
 113 
 205 
 199 
 183 
 230 
 121 
 198 
 189 
 135 
 215 
 120 
 209 
 220 
 176 
 153 
 213 
 207 
 186 
 186 
 174 
 203 
 224 
 147 
 170 
 195 
 133 
 199 
 139 
 195 
 197 
 181 
 187 
 200 
 187 
 176 
 182 
 202 
 211 
 166 
 166 
 198 
 188 
 215 
 197 
 137 
 172 
 167 
 237 
 164 
 124 
 125 
 182 
 221 
 216 
 114 
 206 
 202 
 190 
 139 
 135 
 228 
 193 
 199 
 205 
 160 
 191 
 108 
 144 
 111 
 171 
 211 
 204 
 163 
 165 
 172 
 177 
 132 
  92 
 111 
 135 
 185 
 110 
 123 
 133 
  82 
 133 
 168 
 160 
 163 
 140 
 147 
 166 
 167 
 160 
 126 
 193 
 204 
 123 
 112 
 124 
 154 
 143 
 119 
 145 
 159 
 199 
 219 
 184 
 186 
 205 
 196 
 216 
 186 
 112 
  91 
  85 
 175 
 178 
 377 
 170 
 144 
 229 
 121 
 215 
 178 
 115 
 109 
 165 
 201 
 108 
 150 
 189 
 204 
 177 
 200 
 185 
 201 
 204 
 172 
 148 
 109 
 110 
 163 
 114 
 139 
  97 
 164 
 169 
 103 
 123 
 171 
 169 
 162 
 168 
 149 
 139 
 229 
 190 
 171 
 171 
 103 
 129 
  81 
 135 
 204 
 208 
 161 
  89 
 145 
 142 
 197 
 172 
 221 
 128 
  76 
 138 
 102 
 108 
  84 
 202 
 104 
 105 
  95 
 108 
  99 
 188 
  77 
 154 
 112 
 204 
 144 
 171 
 167 
 154 
 193 
