15669 
2296 
2966 
6573 
5089 
2880 
4804 
2944 
3594 
3710 
3003 
2460 
2793 
2285 
2488 
2472 
2339 
2124 
1445 
1555 
1322 
2320 
2293 
2636 
2630 
2866 
2182 
3199 
2808 
3093 
2889 
1866 
1770 
3009 
2675 
2839 
2677 
2694 
2633 
2973 
2550 
2484 
3170 
2924 
2900 
2780 
2309 
3270 
4459 
2344 
2092 
2367 
2544 
1206 
2934 
2983 
2639 
2999 
3140 
2807 
2320 
2611 
3016 
2775 
3137 
2211 
1984 
2098 
1997 
2404 
2437 
1525 
1086 
2395 
2359 
2501 
1835 
3115 
2195 
2404 
2348 
1203 
 739 
1498 
2480 
2613 
2864 
2221 
2617 
2849 
2129 
1815 
1737 
1654 
2382 
2716 
2545 
2256 
2260 
1995 
1819 
2006 
1928 
2325 
1817 
1849 
1730 
2187 
2250 
2809 
2659 
2351 
2618 
2613 
2412 
2841 
2162 
2426 
1146 
2051 
2284 
2096 
1847 
3253 
2281 
2264 
2570 
3606 
2506 
1798 
1520 
2022 
1965 
2733 
1692 
1934 
2605 
2777 
3510 
3645 
2241 
2851 
2244 
2145 
2178 
1694 
3638 
2268 
2338 
2389 
2044 
1730 
1462 
1066 
1819 
1786 
1517 
2304 
2195 
1772 
1802 
2013 
1913 
2329 
2304 
2408 
2209 
2351 
2233 
2210 
1664 
1912 
1670 
1906 
2115 
1996 
2379 
 796 
1282 
2366 
2245 
2228 
2601 
2618 
1139 
 853 
1026 
1049 
1799 
1681 
2302 
1568 
1499 
2343 
2055 
2373 
2414 
1970 
1216 
1326 
1083 
 997 
1096 
2216 
1813 
1751 
 692 
 740 
1248 
1911 
1964 
1926 
2014 
 935 
 948 
1548 
1624 
2147 
1855 
2205 
2140 
2198 
2307 
2136 
2416 
1750 
1570 
2181 
2461 
1967 
1471 
1777 
2363 
2660 
1999 
1985 
2013 
2106 
2054 
2337 
2142 
1987 
 820 
 994 
 668 
1553 
1937 
2762 
1410 
1715 
2778 
1946 
1625 
1880 
2350 
2044 
1850 
2200 
2149 
2225 
1947 
2191 
2042 
1919 
1838 
1794 
1712 
1676 
1782 
1718 
1212 
 735 
 717 
1443 
2038 
2199 
2077 
2236 
 813 
 993 
 995 
1658 
1758 
1495 
1901 
1663 
1348 
1721 
1768 
2038 
1672 
1662 
1739 
2153 
2295 
2067 
2164 
1796 
1909 
1522 
1835 
2130 
2132 
1634 
1940 
2223 
1916 
2105 
 919 
 674 
 802 
1125 
1633 
1357 
1892 
2065 
1368 
2214 
2268 
1852 
1755 
1812 
1590 
1927 
1638 
2098 
 802 
 599 
1097 
1932 
1306 
1737 
1759 
1814 
2004 
1863 
1543 
1448 
1706 
1618 
1662 
 665 
 636 
 994 
 689 
 704 
 680 
 900 
 800 
 995 
1757 
1439 
1573 
1871 
2091 
2027 
1685 
2176 
2066 
1591 
1715 
1042 
2349 
1083 
 737 
 646 
 730 
1224 
 974 
1629 
1772 
 527 
 759 
 531 
1365 
1420 
1496 
1220 
1417 
1515 
1116 
1209 
1135 
1704 
1543 
1729 
1875 
2289 
1792 
1736 
1869 
1906 
2127 
1726 
1866 
2045 
1943 
2219 
2040 
1796 
1893 
1576 
1278 
1780 
1469 
1648 
1285 
2064 
1767 
1819 
1885 
1890 
1644 
1345 
1884 
1711 
1714 
1595 
1775 
1847 
1728 
1758 
 842 
1286 
 903 
1381 
2024 
1833 
1611 
2042 
1937 
1848 
1984 
1720 
1310 
1478 
1237 
1629 
2121 
1972 
1803 
2032 
 797 
1316 
1249 
1613 
1716 
1900 
1525 
2014 
2020 
1535 
 570 
 918 
1622 
1690 
1352 
2005 
1511 
1953 
1917 
1949 
1255 
1679 
1859 
1841 
1568 
1789 
1432 
1888 
2144 
2101 
1908 
1895 
1557 
1869 
1723 
1693 
1857 
1812 
1484 
1767 
2076 
1441 
1499 
1653 
1341 
1432 
1709 
1856 
2304 
2063 
2093 
1757 
1601 
1767 
1643 
1394 
1746 
2388 
2143 
2006 
2213 
1565 
1681 
1654 
1265 
1780 
1862 
1868 
1552 
1735 
1484 
2152 
1886 
1827 
2025 
2378 
2308 
2254 
2109 
2083 
1479 
1840 
1317 
1903 
1531 
 872 
1000 
 574 
 519 
 485 
 615 
1169 
1999 
2179 
2086 
1750 
2007 
1746 
1797 
1373 
1535 
1740 
1672 
1854 
1970 
1869 
1833 
1463 
1747 
1611 
1553 
1746 
1651 
1926 
1629 
1591 
1907 
1855 
1715 
1948 
1808 
1773 
1138 
1474 
1366 
1379 
 868 
1204 
1578 
1555 
2061 
1470 
1728 
2117 
1750 
1440 
1515 
1368 
1225 
1381 
1956 
1851 
1931 
1959 
1623 
1833 
1783 
1590 
1623 
1387 
1385 
1928 
1251 
1480 
1401 
1903 
 938 
 652 
 860 
 810 
1551 
1616 
1586 
1579 
1522 
1632 
1481 
1316 
1537 
1605 
1226 
1498 
1955 
2145 
2067 
1567 
1777 
1811 
1525 
1513 
1242 
1567 
1593 
2119 
2117 
2090 
2204 
1950 
1687 
1738 
1950 
1764 
1573 
2329 
1796 
1700 
1761 
1216 
 514 
 482 
 491 
 667 
 690 
 641 
 762 
 492 
1081 
1570 
1305 
1317 
1176 
1622 
1668 
2045 
2081 
 777 
 897 
1070 
1754 
1651 
1286 
1802 
1785 
1820 
 877 
 559 
 720 
 750 
1346 
1527 
1273 
2205 
 800 
 514 
 543 
 473 
 692 
 475 
 574 
 512 
 449 
 789 
 525 
2426 
 614 
 602 
 623 
 470 
 637 
 724 
 533 
 541 
 711 
 609 
 652 
 609 
 726 
 612 
 632 
 613 
 597 
 617 
 619 
 614 
 600 
 856 
1123 
1726 
1945 
1814 
 805 
1306 
 623 
 730 
 606 
 614 
 818 
 634 
 631 
 675 
 578 
1170 
 590 
 676 
 956 
 766 
 826 
 633 
 417 
1023 
1300 
1634 
1673 
1584 
1554 
1489 
1689 
1664 
1646 
1594 
1233 
1480 
1668 
1807 
1449 
1774 
2055 
1499 
1084 
1256 
1028 
1282 
1587 
1313 
1340 
1508 
1666 
1633 
1662 
1711 
1418 
1370 
1374 
1371 
1060 
1083 
1530 
1596 
1268 
1482 
 929 
 734 
1120 
1478 
1046 
1241 
1552 
1668 
1573 
1075 
1615 
1649 
1854 
1829 
1606 
2000 
1837 
1593 
1763 
1713 
1625 
1697 
1807 
1510 
1436 
1927 
1894 
1774 
1874 
1798 
1761 
1829 
1461 
1280 
1729 
1653 
 724 
 637 
 579 
 717 
 823 
 949 
1255 
1497 
1232 
1284 
1399 
1504 
1800 
 896 
 580 
 853 
1322 
1397 
1302 
1489 
2108 
1380 
1292 
1155 
1045 
1774 
1058 
1283 
1246 
1475 
1377 
1571 
1637 
1630 
1560 
1464 
 664 
 629 
 607 
 692 
 480 
 673 
 781 
 683 
 637 
1369 
 638 
 983 
 716 
1372 
1542 
1686 
1631 
1757 
1082 
2716 
 619 
 649 
 664 
 490 
 964 
 495 
 527 
 643 
 898 
 684 
 574 
 578 
 591 
 726 
 686 
 557 
 555 
 486 
 560 
 445 
 474 
 547 
 561 
 477 
 505 
 510 
 597 
 603 
 639 
 936 
 749 
 550 
 592 
 603 
1168 
 681 
 658 
 634 
 654 
1081 
 714 
 664 
 699 
 633 
 847 
 713 
 669 
 613 
 657 
1804 
 702 
 714 
 573 
 584 
 636 
 602 
 578 
 581 
 637 
 897 
 518 
1024 
1007 
1016 
 986 
1017 
1039 
1037 
 959 
1544 
1233 
1429 
1515 
1309 
1910 
1433 
 999 
1325 
 970 
1206 
1142 
1519 
1189 
1335 
1347 
1514 
1610 
1606 
1461 
1591 
 814 
1333 
1157 
1062 
1573 
1407 
1369 
1402 
1120 
1923 
 991 
1497 
1469 
1530 
1546 
1265 
1433 
1510 
1466 
1226 
1477 
1667 
1579 
 701 
 505 
 536 
 468 
 736 
 445 
1463 
1355 
1534 
1297 
1122 
 936 
 872 
 999 
1433 
1065 
1821 
1644 
1349 
1166 
1510 
1656 
1568 
1361 
1523 
1210 
 941 
 626 
 767 
1207 
1769 
1760 
1613 
1354 
1445 
1120 
2204 
1951 
1679 
1837 
1785 
1507 
1550 
1740 
1597 
1561 
1747 
1202 
1209 
1420 
1266 
1412 
1693 
1493 
1244 
1328 
1577 
1320 
1724 
1817 
1490 
1861 
1742 
1944 
1629 
1235 
1553 
1850 
1580 
1322 
1507 
2300 
1714 
1272 
1197 
1803 
1749 
1551 
1733 
1489 
1466 
1843 
1580 
1528 
1434 
1347 
2394 
1704 
1798 
1481 
1233 
1774 
2345 
1661 
1454 
1439 
1994 
1104 
1175 
1482 
1560 
1274 
1424 
1221 
1550 
1730 
1772 
1551 
1724 
2036 
1731 
1430 
 860 
1010 
1522 
1323 
1953 
2021 
1711 
1552 
1379 
2402 
1665 
1280 
1351 
1073 
1780 
1727 
1640 
1725 
1658 
1792 
1739 
1613 
1761 
1604 
2024 
 742 
 611 
 596 
 568 
1063 
1513 
1763 
2024 
1895 
1925 
1388 
1502 
1115 
1386 
1573 
1485 
1964 
1362 
1476 
1615 
1670 
1737 
2004 
1725 
2057 
1581 
1967 
1580 
1501 
1214 
 856 
1158 
1309 
 595 
 800 
 760 
1352 
1442 
1522 
1303 
1058 
1216 
1481 
2070 
1768 
2036 
1586 
 752 
 442 
 601 
 499 
 778 
1105 
 745 
 577 
 481 
 753 
 770 
1489 
1797 
1544 
1853 
1694 
1853 
1778 
1532 
1180 
1434 
1317 
1491 
1369 
1753 
1697 
1661 
1533 
 892 
1503 
1749 
1816 
1694 
1567 
1657 
1728 
1364 
1495 
1547 
1320 
1413 
1135 
1872 
1376 
1609 
1490 
1350 
1459 
1409 
1457 
1389 
1497 
1715 
1077 
1960 
1444 
1222 
1452 
1513 
1423 
1455 
1161 
1642 
1451 
1619 
1588 
1697 
2274 
1611 
1199 
1735 
1564 
1214 
1111 
1248 
1398 
1196 
1351 
1470 
1946 
1669 
1707 
1913 
1091 
1654 
1305 
1194 
1401 
1597 
1714 
1642 
1319 
2463 
1286 
1505 
1148 
1163 
1454 
1271 
1306 
1446 
1402 
1694 
1979 
1762 
1026 
1252 
1405 
1315 
1497 
1841 
1488 
1940 
1543 
1416 
1418 
1551 
1412 
1674 
1583 
1762 
1455 
1716 
1636 
1811 
1280 
1574 
1611 
1561 
1467 
1435 
1324 
2005 
1313 
1638 
1973 
1484 
1654 
1477 
1599 
1840 
1663 
2869 
1727 
1496 
1482 
1390 
1321 
1708 
 908 
 760 
1111 
1554 
1447 
1574 
1342 
1238 
1894 
1456 
1583 
1982 
1934 
2486 
1701 
1957 
1912 
1737 
2196 
1828 
1195 
1564 
1465 
1464 
 636 
 481 
 684 
 710 
 635 
 559 
 559 
 928 
1032 
2497 
 950 
 782 
 816 
1207 
1651 
1450 
1850 
1472 
1310 
2451 
 847 
1158 
1872 
1559 
2249 
2197 
2135 
2303 
1760 
1402 
1668 
1644 
1745 
1537 
1365 
1760 
 823 
 418 
 681 
 470 
 448 
 894 
 881 
1255 
1668 
1739 
1900 
1127 
1100 
2047 
1767 
5888 
 760 
 567 
 695 
 523 
 547 
 558 
 536 
1118 
 610 
 448 
1092 
1588 
1385 
 758 
 862 
1670 
 839 
 976 
1135 
1674 
1697 
1541 
1769 
1881 
1454 
1415 
1313 
2253 
1821 
1867 
1623 
1819 
1607 
1414 
1188 
1447 
1336 
1379 
1209 
1527 
1428 
1444 
1438 
1528 
1652 
1449 
1559 
1683 
1725 
1981 
1467 
1199 
2334 
1791 
1868 
1516 
1457 
2081 
1768 
2028 
1939 
1936 
2257 
1868 
1697 
1766 
1755 
1990 
1974 
2134 
1892 
1518 
1721 
1662 
1879 
1400 
1276 
1640 
1600 
1676 
1360 
1476 
1842 
1597 
1462 
 506 
 550 
1010 
1394 
1524 
1625 
1416 
1487 
1549 
2118 
1799 
1096 
 969 
 620 
1846 
1910 
1686 
2088 
1919 
1570 
1623 
1884 
2048 
 941 
1157 
1520 
1061 
 803 
 618 
 475 
1503 
1266 
1718 
1670 
2068 
1446 
1373 
1426 
1579 
1958 
1560 
1279 
1637 
1706 
1712 
1267 
1197 
1622 
1708 
1476 
1543 
1296 
1590 
1187 
1563 
1399 
1606 
1603 
1805 
2069 
2083 
1517 
1564 
1323 
2165 
1670 
1531 
2172 
1743 
1717 
1745 
1662 
1923 
1357 
1497 
1409 
1208 
 979 
1353 
1437 
1382 
1744 
1716 
1882 
2180 
1971 
1930 
1688 
1964 
2156 
1901 
1654 
1659 
1569 
1586 
1752 
1489 
2245 
2114 
1713 
1456 
1069 
1606 
1498 
1510 
1315 
1795 
1478 
1546 
1853 
1586 
1304 
1594 
1451 
2239 
1943 
1625 
1912 
1902 
1885 
1537 
1358 
2343 
1726 
1669 
2045 
1828 
1646 
1379 
 853 
 967 
1480 
1874 
1473 
2200 
1987 
1586 
 710 
 654 
 809 
1742 
1669 
1895 
1398 
1579 
1789 
1629 
1606 
1645 
1417 
1449 
1041 
1426 
1623 
1439 
1639 
1654 
1860 
1957 
1769 
 693 
 737 
1915 
1707 
1856 
1448 
1531 
1394 
1977 
1884 
1729 
1608 
1773 
1432 
1564 
1456 
1165 
1322 
1302 
1806 
1645 
1560 
1790 
1638 
1901 
1464 
1366 
2008 
1618 
1959 
2047 
1850 
2044 
1633 
1227 
 964 
1344 
1274 
2071 
1516 
1534 
1598 
1510 
1466 
1500 
1551 
1536 
1792 
1958 
1828 
1501 
1084 
2061 
1950 
2029 
1744 
1524 
1987 
2046 
2079 
1723 
1626 
2138 
1617 
1576 
1521 
1932 
1412 
1618 
1681 
1700 
1685 
2005 
1958 
1822 
1437 
1362 
1381 
1725 
1907 
2033 
1873 
1947 
1868 
1413 
1686 
1341 
1553 
1598 
1816 
1490 
1724 
1780 
1512 
1732 
1710 
1816 
1970 
1956 
1573 
2127 
1564 
2024 
1452 
1487 
1263 
1362 
1593 
1595 
1630 
1333 
1137 
1280 
1651 
1608 
1479 
2839 
 786 
 782 
2278 
1904 
1745 
1830 
1424 
2090 
1955 
1520 
1691 
1630 
1320 
1879 
1216 
1689 
1628 
1484 
1330 
1211 
1204 
1380 
1297 
1411 
1755 
1658 
1578 
1872 
1911 
1796 
1983 
1780 
1782 
1492 
1082 
1475 
1525 
1572 
1461 
1546 
1638 
1552 
1316 
1216 
1140 
1304 
1540 
1410 
1202 
1674 
1550 
1718 
1872 
1842 
1815 
1482 
2002 
1950 
1871 
 737 
 461 
 811 
1781 
1536 
1320 
1499 
1813 
1539 
1277 
1249 
1679 
1371 
1350 
1731 
1187 
1599 
1500 
1819 
1933 
1459 
1136 
1544 
1597 
1538 
1101 
1460 
1467 
1415 
1244 
1403 
1456 
1804 
1686 
1883 
1372 
1696 
1531 
1620 
1577 
1776 
1582 
1593 
1811 
1941 
2094 
1975 
1548 
1898 
1948 
1713 
1460 
1979 
1833 
1692 
1544 
1627 
1685 
1469 
1369 
1699 
1680 
1660 
1378 
1574 
1719 
1521 
 588 
1379 
1670 
1963 
2009 
2108 
1506 
1534 
1098 
1663 
1680 
1944 
2057 
1420 
1522 
1571 
1183 
1440 
1268 
1523 
1683 
1894 
1585 
1744 
1695 
1446 
1642 
1572 
1690 
1859 
1917 
1907 
1850 
1933 
1618 
1627 
1486 
1678 
1687 
1597 
1610 
1481 
1360 
1509 
1317 
1720 
1247 
1334 
1714 
1560 
1427 
1659 
2044 
1740 
1795 
2005 
1414 
1526 
1021 
1355 
1258 
1427 
1419 
1339 
 980 
1995 
1821 
1078 
1254 
1699 
1327 
1526 
1276 
1288 
1617 
1424 
1852 
1736 
1752 
1818 
1784 
1755 
1785 
1562 
1269 
1349 
1906 
1967 
1860 
1322 
1649 
1571 
1709 
1527 
1476 
1608 
1477 
1203 
1138 
1479 
1296 
1449 
1634 
1731 
1740 
1518 
1574 
2066 
1426 
1530 
1427 
1365 
1466 
1454 
1437 
1862 
1495 
1393 
1073 
1406 
1517 
1783 
1715 
1701 
1653 
1454 
1378 
1443 
1589 
1540 
1348 
1313 
1472 
1830 
1673 
1514 
1636 
1848 
1436 
1630 
1790 
1941 
1763 
1361 
1429 
1875 
1599 
1377 
1310 
1754 
1655 
1254 
1671 
1518 
1685 
1747 
1596 
1742 
2569 
1437 
1824 
1797 
1986 
1781 
1630 
1905 
1719 
1647 
1458 
1775 
1550 
1513 
1431 
1537 
1335 
1471 
1019 
1329 
1328 
1821 
1625 
1458 
1477 
1511 
1266 
1518 
1197 
1499 
1306 
1221 
1740 
2147 
1512 
1689 
1753 
1853 
1442 
1414 
1067 
1183 
1065 
1167 
2085 
1657 
1376 
1321 
1226 
1536 
1017 
1391 
1431 
1387 
1423 
1488 
1794 
1632 
1328 
1367 
1165 
1378 
1803 
1628 
1391 
1498 
1244 
1236 
1289 
1378 
1303 
1504 
1581 
1323 
1470 
1388 
1404 
1501 
1487 
1511 
1248 
1483 
1572 
2118 
1672 
1415 
1619 
1683 
1203 
1255 
1792 
1588 
1609 
1358 
1612 
1699 
1763 
1591 
1198 
1734 
1502 
1113 
1450 
1290 
1427 
1427 
1267 
1365 
1317 
1405 
1483 
1626 
1548 
1576 
1242 
1310 
1492 
1296 
1359 
1140 
1875 
1500 
1465 
1317 
1436 
1823 
1691 
2098 
1159 
1546 
1258 
1650 
1851 
1690 
1220 
1643 
1633 
1664 
1504 
1453 
1255 
1298 
1634 
1323 
1610 
1459 
1708 
1859 
1724 
1890 
1491 
1419 
1475 
1477 
1770 
1530 
1801 
1872 
2021 
1394 
1278 
1036 
1715 
1445 
1349 
1291 
1038 
1432 
1277 
1399 
1642 
1594 
1464 
1281 
1391 
1516 
1266 
1552 
1220 
1532 
1513 
1348 
1790 
1780 
1382 
1587 
1946 
1780 
1808 
2041 
1849 
1590 
1572 
1563 
1540 
1630 
1462 
1558 
1181 
1515 
1719 
1326 
1653 
1929 
1972 
1800 
1706 
1510 
1519 
1353 
1652 
1995 
1536 
1405 
1168 
1783 
1327 
1447 
1634 
1369 
1250 
1788 
1895 
1545 
1992 
1754 
1042 
1823 
1919 
1530 
1587 
1421 
1371 
1529 
1099 
1466 
1161 
1205 
1236 
1588 
1660 
1548 
1549 
1460 
1739 
1527 
1640 
1906 
1952 
2053 
1602 
1449 
1613 
1620 
1490 
1543 
1210 
1548 
1513 
1531 
1103 
1550 
1429 
1562 
1648 
1743 
1836 
1517 
1688 
1566 
1877 
1368 
1446 
1509 
1430 
1503 
1089 
1682 
2153 
1585 
1300 
1136 
1618 
1982 
1158 
1405 
1164 
1831 
1302 
1246 
1470 
1703 
1594 
1386 
1952 
1684 
1466 
1528 
1220 
1527 
1417 
1272 
1258 
1334 
1760 
1406 
1128 
2009 
1973 
1574 
1335 
1134 
1340 
1547 
1274 
1595 
1764 
1509 
1428 
1773 
1500 
1722 
1677 
1851 
1754 
1967 
1710 
1864 
2031 
1875 
1632 
1805 
1914 
2021 
1695 
1636 
1772 
1790 
1928 
2020 
1290 
1241 
1033 
1199 
1563 
1552 
1410 
1548 
1662 
1852 
1274 
1115 
1237 
1568 
1386 
1540 
1551 
1595 
1800 
1755 
1626 
1538 
1528 
1644 
1424 
1537 
1275 
1705 
1422 
1526 
1655 
1908 
1775 
1605 
1868 
1525 
1285 
1533 
1280 
1357 
1455 
1375 
1541 
1904 
1463 
1343 
1080 
1646 
1815 
2014 
1616 
1302 
 726 
 390 
 603 
 717 
1273 
1659 
1445 
1928 
1681 
1369 
1266 
1611 
1880 
1731 
1659 
1615 
1679 
1810 
1543 
1542 
1695 
1974 
1517 
1430 
1343 
2113 
1094 
1219 
1292 
1769 
1480 
1538 
1789 
1569 
1636 
1907 
1385 
1666 
1879 
1415 
1679 
1950 
1064 
1393 
1070 
1597 
1554 
1449 
1333 
1189 
1871 
1274 
1021 
1647 
1601 
1377 
1649 
1365 
1471 
1306 
1386 
1340 
1403 
1464 
1278 
1704 
1424 
1408 
1188 
1160 
1463 
1529 
1416 
1639 
1169 
2283 
1333 
1432 
 594 
 638 
1028 
1822 
1139 
1751 
1622 
1707 
1859 
1521 
1695 
1310 
1415 
1361 
1267 
1422 
1137 
1580 
1669 
1647 
1468 
1206 
1377 
1611 
1297 
1792 
1233 
1159 
1060 
1428 
1611 
1598 
1458 
1507 
2213 
1861 
1260 
2217 
1740 
1754 
1961 
1708 
1901 
1596 
1438 
1533 
1067 
1560 
1493 
1741 
1947 
1292 
1350 
1612 
1384 
1515 
1688 
1858 
1445 
1522 
1435 
1343 
1766 
1395 
1588 
1341 
1415 
1626 
1679 
2159 
1827 
1160 
1788 
1367 
1326 
1177 
1086 
1363 
1492 
1558 
1601 
1739 
1657 
1866 
2029 
1545 
1260 
1390 
1245 
1927 
1824 
1640 
1870 
1780 
2140 
1921 
1506 
1730 
1143 
1342 
1049 
1682 
1569 
1659 
1344 
1458 
1496 
1974 
1690 
2042 
1984 
1885 
1239 
1442 
1259 
1370 
1176 
1656 
1697 
1558 
1454 
1245 
1287 
1211 
1241 
1618 
1274 
1373 
1254 
1434 
1313 
1366 
1254 
1503 
2314 
1577 
1917 
1449 
1258 
1532 
1413 
1305 
1693 
1919 
1646 
1645 
1745 
1448 
1055 
1770 
1717 
1580 
1640 
1619 
1219 
1952 
1652 
1712 
1962 
1530 
1824 
1726 
1667 
1391 
1288 
1378 
1279 
1990 
1700 
2047 
1481 
1195 
2252 
1303 
1178 
1316 
1419 
1643 
1755 
1659 
1433 
1692 
1997 
1916 
1529 
1811 
1796 
1603 
1561 
1625 
1474 
1297 
1583 
1968 
1824 
2020 
1809 
1726 
1457 
1695 
1271 
1388 
1641 
1658 
1504 
1606 
1251 
1496 
1206 
1670 
1407 
1316 
2091 
1410 
1579 
1820 
1698 
1886 
1646 
1574 
1352 
1557 
1827 
1615 
1488 
1674 
1586 
1711 
1643 
1944 
1061 
1335 
1389 
1489 
1539 
1487 
1224 
1959 
1641 
1692 
1685 
1772 
1169 
 527 
 853 
 834 
1368 
2225 
1629 
1360 
1755 
1705 
1654 
1510 
1537 
1337 
1375 
1567 
1214 
1642 
1353 
1303 
2001 
1295 
1560 
1877 
1647 
1777 
1319 
1576 
1369 
1270 
1785 
1684 
1630 
1293 
1182 
1445 
1680 
1641 
1401 
1790 
1853 
2015 
1843 
1619 
1213 
1957 
1587 
1543 
1382 
1437 
1655 
1869 
1839 
1765 
1026 
1398 
1448 
1208 
1092 
1420 
1760 
1228 
1217 
 969 
 969 
1010 
1628 
1794 
1232 
1371 
1594 
1432 
1907 
1669 
1180 
1488 
1626 
1853 
1925 
1534 
1796 
1817 
1724 
1400 
1511 
1577 
1434 
1863 
1372 
1702 
1694 
1823 
1806 
 553 
 770 
 614 
 777 
1559 
1713 
1296 
1537 
1941 
1594 
1688 
1620 
1568 
1258 
1443 
1149 
1181 
1152 
1590 
1735 
1409 
1375 
1430 
1463 
1725 
1769 
1493 
1556 
1334 
1043 
2001 
1770 
1919 
1679 
1985 
1386 
1335 
1572 
1733 
1446 
1476 
1783 
1605 
1248 
1630 
1339 
1421 
1328 
1689 
1902 
1971 
1530 
1866 
1707 
1731 
1489 
1515 
1964 
1940 
1913 
1923 
1548 
1945 
1623 
2062 
1697 
1684 
1747 
1575 
1277 
1377 
1359 
1571 
1700 
1970 
1935 
1693 
1999 
1934 
1839 
1466 
1186 
1821 
1778 
1508 
1429 
1521 
1504 
1670 
1218 
1419 
1124 
1234 
1498 
1777 
1338 
1416 
1652 
1478 
1723 
1695 
1728 
2020 
1208 
1599 
1485 
1864 
2082 
1851 
1714 
1685 
1692 
1759 
1704 
1534 
1614 
1585 
1619 
1443 
1686 
1584 
1799 
1801 
1830 
1821 
1626 
1635 
1494 
1399 
1575 
1621 
1885 
1903 
1688 
1177 
1380 
1625 
1065 
1493 
1552 
1338 
1184 
1404 
1265 
1559 
1320 
1970 
1771 
1805 
1726 
1489 
1202 
1770 
1518 
1804 
1583 
1746 
1782 
1902 
1410 
1432 
1382 
1383 
1627 
1409 
1032 
1261 
1283 
1585 
1684 
1437 
1567 
1742 
1691 
2030 
1973 
1373 
1354 
1307 
1763 
1675 
1615 
1772 
1880 
2020 
1904 
1228 
1550 
1447 
1260 
1248 
1028 
1360 
1294 
1579 
1371 
1422 
1793 
1824 
1857 
1721 
1887 
1987 
1294 
1590 
1281 
1325 
1783 
1714 
1468 
1568 
1357 
2081 
1653 
1726 
1650 
1534 
1376 
1748 
1832 
1542 
1013 
1590 
1216 
1864 
1369 
1350 
1839 
1480 
1740 
1478 
1214 
1987 
1694 
1510 
1453 
1264 
1343 
1378 
1260 
1369 
 951 
1317 
1278 
1808 
1044 
2352 
1634 
1525 
1882 
1910 
1742 
1731 
1603 
1736 
1784 
1606 
1816 
1857 
1373 
1533 
1383 
1933 
1610 
1616 
1764 
1489 
1466 
1634 
1575 
1132 
1444 
1422 
1362 
1935 
1374 
1392 
1453 
1872 
1729 
1565 
1788 
1967 
1734 
1919 
1805 
1402 
1743 
1443 
1584 
1593 
1276 
1270 
1472 
1562 
1102 
1682 
1811 
1831 
1834 
1906 
1828 
1840 
1431 
1727 
1907 
1692 
1945 
1800 
1496 
1861 
1930 
1646 
1122 
1361 
1228 
1596 
1616 
1489 
1447 
1611 
1792 
1882 
1913 
1742 
1346 
1342 
2065 
2059 
1552 
1352 
1207 
1350 
1718 
1937 
1751 
1573 
1372 
1541 
1745 
1648 
1557 
 644 
 631 
 534 
 518 
1487 
1310 
 519 
 795 
1313 
1390 
1909 
1356 
1765 
1822 
1376 
1940 
1843 
1355 
1345 
1264 
1483 
1469 
1347 
1201 
1233 
1538 
1699 
1495 
1524 
1576 
1727 
1633 
1922 
1890 
1952 
1959 
1953 
1526 
1982 
1720 
1845 
1587 
1932 
1744 
1676 
1679 
1287 
 970 
1165 
1029 
1314 
1598 
1675 
1193 
1470 
1441 
1463 
1713 
1474 
1211 
1538 
1325 
1717 
1688 
1633 
1585 
1860 
1687 
1737 
1872 
1595 
1278 
1253 
1235 
1509 
1495 
1709 
1600 
1341 
1367 
1528 
1375 
1743 
1373 
1313 
1308 
1759 
1490 
1468 
1235 
2117 
1537 
1499 
1785 
1538 
2088 
1303 
 993 
1248 
1399 
1388 
1502 
1530 
1630 
1514 
1818 
1726 
1483 
1491 
1234 
1898 
1157 
1317 
1215 
1496 
1639 
1778 
1912 
1841 
1126 
1415 
1400 
1239 
1267 
1421 
1354 
1511 
1485 
1365 
1210 
1482 
1379 
1616 
1353 
1243 
1353 
1639 
1332 
1471 
1369 
2916 
1553 
1471 
1769 
 770 
 903 
1366 
1294 
1550 
1349 
1654 
1303 
1734 
1381 
1307 
1003 
1277 
1438 
1498 
1106 
1662 
1423 
1365 
1342 
1398 
1549 
1806 
1652 
1390 
1211 
1157 
1275 
1353 
1572 
1231 
1674 
1569 
1673 
1549 
1607 
1565 
1743 
1452 
1639 
1685 
1973 
1465 
1272 
1940 
1250 
2134 
1611 
1580 
1336 
1342 
1553 
1333 
1612 
1662 
1573 
1610 
1316 
1587 
1415 
1371 
1395 
1544 
1798 
1922 
1521 
1993 
1348 
1401 
1405 
1762 
1547 
2015 
1838 
1594 
1693 
1474 
1465 
1481 
1504 
1580 
1696 
2018 
1437 
1348 
1101 
1587 
1421 
1836 
1859 
1466 
1657 
1851 
1207 
1520 
1286 
1978 
1684 
1766 
1898 
1525 
2268 
1574 
1172 
1286 
1618 
1594 
1415 
1624 
1756 
1610 
1833 
1757 
1355 
1314 
1210 
1423 
1285 
1457 
1871 
1708 
1426 
1451 
1229 
1327 
1165 
1270 
1364 
1610 
1581 
1454 
1702 
1887 
1749 
1541 
1493 
2061 
1210 
1808 
1613 
2036 
2001 
1854 
1991 
1640 
1567 
2038 
1409 
1736 
1299 
1468 
1608 
1218 
1272 
 493 
 547 
 464 
 444 
 438 
 844 
 768 
1691 
1938 
1663 
1736 
1314 
1397 
1557 
1132 
1264 
1526 
1338 
1747 
1535 
1486 
1776 
1157 
1675 
1240 
1076 
1478 
1336 
1479 
1332 
1017 
1317 
1866 
1156 
1837 
1740 
1915 
1541 
1446 
 992 
1451 
1344 
1040 
1419 
1776 
1768 
1717 
1352 
1312 
1214 
1672 
1686 
1299 
1383 
1451 
1353 
1341 
1688 
1792 
1438 
1510 
1615 
1623 
1582 
1254 
1207 
1468 
1743 
1698 
1708 
1185 
1059 
1233 
1274 
1316 
1440 
1673 
1679 
1677 
1653 
1224 
1198 
1450 
1215 
1748 
1533 
1695 
1326 
1418 
 971 
1412 
1388 
1710 
1612 
1293 
1162 
1270 
1364 
1365 
1517 
1406 
1649 
1701 
1772 
1437 
1906 
1574 
1207 
1209 
 923 
1482 
1220 
1368 
1593 
1393 
1625 
1520 
1482 
1782 
1203 
1636 
1630 
1656 
1431 
1653 
1607 
1522 
1610 
1863 
1326 
1574 
1552 
1778 
1788 
1653 
1791 
1990 
1635 
1446 
 971 
1515 
1507 
1972 
1901 
1482 
1301 
1291 
1492 
1232 
1773 
1626 
1609 
1513 
1631 
1693 
1411 
1369 
1158 
1630 
1678 
1636 
1829 
1654 
1657 
1543 
1533 
1621 
1700 
1348 
1299 
1484 
1336 
1430 
1362 
1739 
1363 
1327 
1367 
1437 
1097 
1599 
1676 
1526 
1341 
2083 
1921 
1415 
1513 
1388 
 899 
1536 
1537 
1593 
1710 
1620 
1490 
1468 
1131 
1452 
1644 
1407 
1589 
1896 
1873 
1573 
1743 
1594 
1593 
1643 
1090 
1346 
1201 
1142 
1541 
1271 
1307 
1812 
1697 
1917 
1076 
1094 
1024 
1439 
1081 
1260 
1051 
1454 
1460 
1897 
1617 
1916 
1208 
1092 
1384 
1866 
1875 
1480 
1735 
1555 
1565 
1744 
1880 
1269 
1495 
2042 
1648 
1259 
 939 
1439 
1512 
1443 
1550 
1728 
1329 
1480 
1357 
1318 
1963 
1741 
1627 
1308 
1047 
1261 
2130 
1683 
1374 
1471 
1468 
1590 
1436 
1416 
1329 
1616 
1581 
1660 
 997 
1360 
1665 
2110 
1753 
1683 
1711 
1640 
1649 
1658 
1631 
1706 
1490 
1827 
1737 
1946 
1606 
1421 
1529 
1643 
1596 
1437 
1549 
1644 
1500 
1160 
1768 
1739 
1375 
1458 
1343 
1497 
1205 
1557 
1471 
1813 
1216 
1295 
1608 
1451 
1352 
1583 
1032 
1514 
1280 
1479 
1541 
1657 
1682 
1629 
1497 
1427 
2010 
2092 
1942 
1918 
1924 
1709 
1718 
1581 
1568 
1792 
1408 
1585 
1353 
1574 
1570 
1311 
1232 
1605 
1365 
1205 
1307 
1393 
1175 
1772 
1988 
1789 
1932 
1663 
1986 
2072 
1218 
1438 
1590 
1655 
1489 
1406 
1591 
1792 
1297 
1305 
1135 
1190 
1053 
1657 
1373 
1427 
1662 
1617 
1648 
1776 
2000 
2002 
1898 
1704 
1724 
1932 
1542 
1297 
1368 
1785 
2085 
1753 
1467 
1298 
1291 
1362 
1574 
1753 
1355 
1651 
1534 
1337 
1627 
1405 
1545 
1511 
1770 
1854 
1836 
1631 
1692 
1445 
1180 
1323 
1232 
1118 
1508 
1450 
1443 
1508 
1007 
1450 
1638 
1153 
1707 
1506 
1570 
1668 
1030 
1749 
1879 
1397 
1209 
1506 
1393 
1335 
1431 
1296 
1355 
1476 
1422 
2327 
1675 
1751 
1236 
1118 
1244 
1624 
1553 
1592 
1489 
1593 
1271 
1567 
1396 
1904 
1899 
1866 
1970 
1268 
 581 
 775 
 552 
1309 
1027 
1171 
 966 
1114 
1192 
1368 
 950 
1152 
1072 
1112 
 976 
1571 
1583 
1392 
1334 
1280 
1577 
1331 
1162 
1306 
1164 
1112 
1423 
1317 
1203 
1313 
1039 
2036 
1160 
1296 
1222 
1266 
1213 
1306 
1092 
1172 
 987 
1176 
1338 
1267 
1159 
1379 
1553 
1477 
1167 
1344 
1023 
1213 
1181 
1484 
1485 
1285 
1254 
1405 
1665 
1714 
1562 
1246 
1185 
1364 
1181 
1290 
1550 
1165 
1028 
1061 
1171 
1911 
1350 
1463 
1523 
1764 
1608 
1711 
1531 
1552 
1351 
1386 
1602 
1257 
1190 
1025 
1344 
1401 
1446 
1554 
1671 
1544 
1271 
1475 
1498 
1419 
1607 
1661 
1430 
1562 
1471 
1799 
1613 
1355 
1055 
1169 
1597 
1599 
1804 
1635 
1552 
1581 
1258 
1361 
1226 
1397 
1472 
1357 
1138 
1318 
1353 
1308 
1129 
1738 
1581 
1429 
1196 
1274 
1344 
1474 
1190 
2065 
1347 
1696 
1590 
1461 
1642 
1635 
1640 
1656 
1325 
2821 
1069 
1158 
 945 
1676 
1680 
1438 
1242 
1589 
1833 
1777 
1510 
1559 
1551 
1397 
1793 
1874 
2065 
1621 
1596 
1237 
1515 
1288 
1356 
1419 
1362 
1647 
3760 
 780 
1032 
1458 
1443 
1826 
1610 
1688 
1392 
1313 
1343 
1364 
1210 
1687 
1581 
1493 
1358 
1496 
 634 
 778 
1184 
1475 
1195 
1161 
1059 
1266 
1345 
1567 
1637 
1730 
1778 
1436 
1203 
1481 
1208 
1545 
1369 
1167 
1423 
1792 
1755 
1551 
1172 
1552 
1434 
1438 
1691 
1674 
1213 
1450 
1507 
1435 
1277 
1559 
1342 
1636 
1358 
1142 
1561 
1281 
1199 
1356 
1120 
1658 
1234 
1410 
1425 
1570 
2065 
1649 
1670 
1751 
1427 
1560 
1500 
1786 
1417 
1823 
1841 
1811 
1372 
1526 
1031 
1759 
1633 
1615 
1774 
1433 
1282 
1769 
1752 
1997 
1645 
2018 
1043 
1233 
1477 
1563 
1592 
1437 
1386 
1439 
1485 
1454 
1210 
1977 
1818 
1581 
1682 
1272 
1479 
1553 
1568 
1998 
1538 
1330 
1350 
1306 
1371 
1741 
1491 
1692 
1559 
1367 
1628 
2104 
1790 
1230 
1748 
1835 
1451 
1285 
1425 
1897 
1342 
1428 
1188 
1328 
1443 
1762 
1478 
1746 
1069 
2667 
1388 
1702 
1613 
1637 
1476 
1302 
1538 
1557 
1450 
1798 
1179 
1635 
1387 
1361 
1783 
1616 
1661 
1573 
1278 
1711 
1925 
1436 
 886 
 731 
1000 
1105 
 915 
1590 
1525 
1618 
1280 
1645 
1672 
1528 
1985 
2103 
1948 
1474 
1198 
1679 
1157 
1534 
1658 
1561 
1661 
1662 
1441 
1495 
1254 
1880 
1424 
1415 
1400 
1668 
1633 
1589 
1731 
1560 
1752 
1657 
1182 
1640 
1561 
1481 
1699 
1642 
1652 
1633 
1364 
1724 
1838 
1819 
1591 
1560 
1170 
1438 
1612 
1709 
1369 
1588 
1779 
1765 
1460 
1374 
1364 
1453 
1521 
1650 
1196 
1866 
1640 
1847 
1697 
1107 
1427 
1414 
1322 
1242 
 971 
1118 
1445 
1490 
1491 
1568 
1667 
1707 
1794 
1326 
1209 
1826 
1706 
2027 
1344 
1526 
1558 
1347 
1663 
1465 
1206 
1344 
1779 
1691 
1465 
1564 
 887 
1280 
1479 
1561 
1287 
1669 
1791 
1666 
1354 
1159 
1372 
1454 
1645 
1450 
1199 
2055 
1441 
1466 
1617 
1437 
1644 
1887 
1305 
1306 
1154 
1355 
1140 
1918 
1702 
1703 
1230 
1493 
1821 
1295 
1353 
2099 
1506 
1747 
1661 
1514 
1739 
1861 
1414 
1665 
1262 
2166 
1586 
1436 
1137 
1274 
1438 
1374 
1378 
1605 
1746 
1486 
1368 
1744 
1346 
1139 
1730 
1944 
1924 
1548 
1527 
1787 
1601 
1740 
1612 
1691 
1573 
1537 
1502 
1514 
1555 
1450 
1330 
1933 
1320 
1593 
1181 
1846 
1798 
1471 
1530 
2206 
1368 
1957 
1359 
1633 
1532 
1893 
1695 
1871 
1930 
1984 
1630 
1794 
1161 
1681 
1498 
1551 
1332 
1661 
1352 
1538 
1819 
1921 
1185 
1296 
1721 
1906 
1751 
1513 
1197 
1806 
1463 
1378 
1240 
1153 
1892 
1522 
1259 
1655 
1581 
1473 
1772 
1724 
1574 
1476 
1639 
1887 
1696 
1570 
1438 
1807 
1328 
1886 
1853 
1646 
1778 
1602 
1563 
1387 
1020 
2178 
1445 
1701 
1151 
1358 
1218 
1291 
1447 
1437 
1644 
1615 
1739 
1939 
1344 
1865 
1604 
1478 
1796 
1899 
1608 
1854 
1616 
1645 
1585 
1401 
1761 
1787 
1252 
1334 
1379 
1422 
1473 
1553 
1616 
1652 
1177 
1522 
1863 
1374 
1039 
1515 
1378 
2037 
1856 
1600 
1530 
1815 
1579 
1918 
1757 
1440 
2059 
1598 
1288 
1396 
1711 
1410 
1221 
1387 
1338 
1180 
1347 
1812 
1738 
1614 
1981 
1768 
1881 
1430 
1211 
1391 
1211 
2088 
1583 
1361 
2124 
1929 
1397 
1587 
1348 
1339 
1313 
1015 
 983 
1526 
1432 
1649 
1696 
1347 
1384 
1383 
1331 
2074 
1980 
2087 
1377 
1672 
1730 
1673 
1775 
1846 
1952 
1901 
1828 
1994 
2212 
1565 
1305 
1406 
1709 
1330 
1180 
1415 
1372 
1490 
1742 
1455 
1933 
1771 
1806 
1540 
1429 
1687 
1351 
1377 
1929 
1875 
1918 
1835 
1702 
1494 
1487 
1382 
1330 
1552 
1210 
1526 
1754 
1368 
1195 
2085 
1616 
1943 
2007 
1905 
1989 
1685 
1486 
1462 
1036 
2205 
1806 
1771 
1189 
1265 
1610 
1267 
1484 
1413 
1385 
1696 
1720 
1890 
1357 
1333 
1938 
2119 
1687 
1506 
1214 
1662 
1370 
1792 
1885 
1536 
1821 
2140 
1349 
1426 
1152 
1131 
1222 
1208 
1576 
1319 
1490 
1702 
1716 
1343 
1359 
2156 
1338 
2000 
1548 
1463 
1555 
1695 
1383 
1567 
1004 
1958 
1736 
1495 
1255 
1472 
1200 
1418 
1396 
1247 
1321 
1279 
1168 
1653 
1366 
1401 
1385 
1599 
1552 
1490 
1421 
 587 
1369 
1665 
1555 
1690 
1809 
1461 
1312 
1477 
1221 
1196 
1168 
1751 
1626 
1619 
1676 
1487 
1758 
1567 
1825 
2032 
1804 
1955 
1276 
1492 
1422 
1684 
1378 
1549 
1097 
1523 
1814 
1584 
1698 
1652 
1442 
1493 
1293 
1454 
1681 
1552 
1644 
2003 
1829 
1398 
1919 
1513 
1529 
1497 
1051 
1945 
1763 
1418 
1609 
1269 
2002 
1693 
1491 
1355 
1332 
1426 
1396 
1446 
1534 
1817 
1224 
1502 
1511 
1517 
1419 
1843 
1641 
1568 
1770 
1584 
1511 
1935 
1250 
1391 
1297 
1520 
1737 
1421 
1122 
1716 
1812 
1404 
1312 
1340 
1204 
1431 
1354 
1924 
1712 
1348 
1899 
1502 
1748 
1913 
1023 
1986 
1717 
1571 
1429 
1717 
1577 
1610 
1272 
1457 
1620 
1708 
1298 
1751 
1754 
1669 
1744 
1478 
1724 
1210 
1355 
1685 
1506 
1594 
1703 
1570 
1639 
1817 
1128 
1451 
1366 
1087 
1141 
1239 
1260 
1200 
1336 
1237 
1457 
1456 
1465 
1779 
1826 
2030 
1816 
1447 
1784 
1522 
1782 
1656 
1630 
1844 
1422 
1530 
1721 
1995 
1472 
1474 
1550 
1532 
1372 
1426 
1236 
1603 
1717 
1693 
1770 
1749 
1678 
1492 
1356 
1712 
1373 
1614 
1643 
1795 
1320 
1646 
1470 
1625 
1191 
1458 
1617 
2005 
1670 
1869 
1214 
1178 
1328 
1615 
1271 
1573 
1246 
1684 
1775 
1556 
1749 
1739 
1611 
1486 
1199 
1415 
1487 
1496 
1481 
1096 
1427 
1685 
1418 
1489 
1221 
1243 
 944 
1403 
1508 
1492 
1641 
1521 
1508 
1843 
1553 
1907 
1805 
1434 
1337 
1448 
1426 
1637 
1413 
1484 
1754 
2042 
1613 
1563 
1291 
1412 
1494 
1021 
1746 
1384 
1160 
1606 
1360 
1677 
1363 
1373 
1373 
1498 
1845 
1667 
1510 
1615 
1643 
1358 
1417 
1275 
1817 
1602 
1442 
1399 
1093 
1264 
 949 
1591 
1599 
1612 
1737 
1777 
1844 
2064 
1650 
2025 
1832 
1504 
1342 
1446 
1608 
1920 
 996 
1565 
1219 
1578 
1660 
1661 
1203 
1211 
1167 
1212 
1353 
1819 
1183 
1421 
1385 
1350 
1360 
1386 
1336 
1449 
1510 
1450 
1217 
1506 
1980 
1318 
1749 
1503 
1774 
1976 
1667 
1768 
1921 
1637 
1662 
1455 
1468 
1312 
1485 
1506 
1504 
1787 
1028 
1435 
1330 
1247 
1359 
1452 
1608 
1459 
1770 
1709 
1562 
2086 
1621 
1524 
1320 
1370 
1195 
1104 
1054 
1423 
1179 
1380 
1462 
1531 
1804 
1678 
1751 
1728 
1627 
1724 
1511 
1861 
1446 
1315 
1182 
1311 
1434 
1297 
1331 
1595 
1249 
1127 
1235 
1539 
1804 
1633 
1358 
1464 
1210 
1471 
1002 
1471 
1339 
1667 
1854 
1648 
1425 
1817 
1706 
1508 
1407 
1684 
1165 
1538 
1313 
1455 
1063 
1428 
1504 
1530 
1585 
1529 
1632 
1475 
1740 
1293 
1658 
1470 
1100 
1466 
1213 
1811 
1741 
1168 
1256 
1319 
1581 
1693 
1213 
1308 
 999 
1183 
1059 
1445 
1550 
1578 
1482 
1485 
1072 
1439 
1059 
1411 
1798 
1251 
1367 
1308 
1150 
1654 
1958 
1655 
1578 
1801 
1410 
1513 
1267 
1453 
1563 
1527 
1628 
1582 
1482 
1668 
1556 
1663 
1713 
1658 
1656 
1755 
1110 
1460 
1212 
1264 
1337 
1698 
1185 
1290 
1429 
1377 
1563 
1662 
1679 
1496 
1366 
1154 
1352 
1395 
1650 
1600 
1543 
1816 
1417 
1385 
1632 
1637 
1194 
1300 
1190 
1458 
1880 
1521 
1362 
1397 
1471 
1556 
1353 
1455 
1520 
1166 
1383 
1599 
1631 
1639 
1720 
1533 
1765 
1408 
1317 
1368 
1090 
1470 
1356 
1327 
1637 
1633 
1550 
1577 
1853 
1371 
1199 
1565 
1687 
1691 
1361 
1658 
1537 
1657 
1623 
1689 
1506 
1869 
1357 
1433 
1790 
1767 
1898 
1854 
1456 
1857 
1545 
1578 
1943 
2205 
1499 
1924 
1642 
1493 
1475 
1514 
1426 
1603 
1606 
1469 
1761 
1427 
1347 
1444 
1175 
1295 
1305 
1443 
1184 
1243 
1503 
1443 
1506 
1933 
1806 
1909 
1263 
1387 
1102 
1338 
 898 
1399 
1512 
1546 
1434 
1399 
1394 
1580 
1199 
1024 
1174 
1457 
1382 
1460 
1465 
1657 
2261 
1558 
1492 
1554 
1290 
1721 
1750 
2090 
1713 
1380 
1334 
1621 
1503 
1767 
1696 
1472 
1355 
1469 
1193 
1471 
1159 
1489 
1391 
1299 
1797 
1085 
1177 
1767 
1581 
1412 
1332 
1536 
1283 
1424 
1104 
1090 
1198 
1239 
1411 
1494 
1468 
1889 
1056 
1337 
1178 
1430 
1363 
1513 
 986 
1731 
1838 
1392 
1661 
1454 
1456 
1621 
1129 
1327 
1064 
1077 
1356 
1268 
1468 
4798 
1065 
1397 
1848 
2002 
1588 
1726 
1610 
1595 
1485 
1598 
1502 
1257 
1574 
1467 
1066 
1642 
1517 
1361 
1155 
1206 
1129 
1086 
1621 
1680 
1635 
1678 
1779 
1813 
1456 
1584 
1650 
1641 
1838 
1878 
1710 
1674 
1338 
1392 
1355 
1548 
1303 
1753 
1277 
1191 
1022 
1609 
1603 
1450 
1523 
1362 
1156 
1309 
1854 
1790 
1150 
1434 
1189 
1478 
1447 
1669 
1734 
1474 
1606 
1571 
1274 
1644 
1542 
1633 
1560 
1589 
1393 
1508 
1574 
1935 
1581 
1780 
1155 
1474 
1348 
1359 
1226 
1430 
1331 
1449 
1153 
1894 
1729 
1298 
1319 
1304 
1377 
1380 
1228 
1295 
1104 
1384 
1312 
1481 
1658 
1682 
1335 
1464 
1323 
1515 
1009 
1637 
1448 
1521 
1520 
1371 
1355 
1608 
1362 
1573 
1010 
2038 
1204 
1515 
1291 
1522 
1329 
1673 
1593 
1641 
1938 
2073 
1900 
2007 
1077 
1097 
1548 
1787 
1653 
1458 
1200 
1618 
1829 
1140 
1168 
1567 
1727 
1291 
1034 
1456 
1333 
1462 
1520 
1689 
1431 
1421 
1324 
1424 
1334 
1437 
1002 
1493 
1203 
1592 
1804 
1359 
1749 
1751 
1482 
1537 
1499 
1609 
1221 
1260 
1027 
1452 
1507 
1445 
1553 
1664 
1691 
1945 
1753 
2003 
1497 
1373 
1115 
1444 
1516 
1452 
1187 
1596 
1340 
1366 
1221 
1536 
1685 
1245 
1065 
1264 
1386 
1466 
1603 
1414 
1492 
1881 
1686 
1790 
2019 
1288 
1003 
1513 
1460 
1541 
1370 
1316 
1366 
1957 
1220 
1313 
1142 
1769 
1372 
1538 
1293 
1265 
1349 
1434 
1971 
1828 
1788 
1775 
1989 
2141 
 995 
1402 
1632 
1429 
1618 
1298 
1208 
1495 
1400 
1375 
1255 
1036 
 982 
1769 
1507 
1614 
1612 
1176 
1748 
1769 
1345 
1494 
2137 
1668 
1983 
1759 
1418 
1609 
1339 
1548 
1416 
1330 
1796 
1851 
 999 
1297 
 938 
1419 
1173 
1700 
1271 
1766 
1616 
1611 
2059 
1632 
1174 
2081 
1858 
1615 
 945 
1147 
1516 
1710 
1670 
1670 
1395 
2266 
1477 
1356 
1117 
1229 
1079 
1604 
1535 
1733 
1753 
2112 
1586 
1454 
1653 
1618 
1523 
1694 
1712 
1985 
1493 
1498 
1540 
2008 
1830 
1775 
2142 
1556 
 949 
1163 
1341 
1601 
1449 
1798 
1363 
1278 
1334 
1484 
1303 
1640 
1544 
1847 
1791 
2085 
1763 
1059 
1259 
1788 
1541 
1590 
1081 
1362 
1499 
1481 
1585 
1613 
1634 
1753 
1858 
1703 
1696 
1751 
1205 
1647 
1383 
1318 
1751 
1692 
1468 
1267 
1016 
1520 
1541 
1646 
1648 
1588 
1391 
1528 
1229 
1475 
1543 
1714 
1589 
1809 
1357 
1281 
1324 
1294 
1499 
1917 
1761 
2122 
1923 
1951 
1884 
1330 
1395 
1575 
1951 
1727 
1564 
1792 
1506 
1324 
 994 
1266 
1605 
1714 
1916 
1923 
1758 
1042 
1191 
1435 
1220 
1345 
1814 
1915 
1791 
2073 
1550 
1970 
1838 
2076 
1951 
1780 
1600 
1425 
1343 
1604 
1661 
1640 
1177 
1647 
1376 
1343 
2018 
1568 
1517 
1417 
1662 
2119 
1556 
1627 
1976 
1357 
2344 
1360 
1120 
1261 
1351 
1381 
1475 
1635 
1379 
1392 
1593 
1844 
1855 
1463 
1181 
1562 
1541 
1374 
1226 
1320 
1984 
1898 
1756 
1883 
1363 
2310 
1531 
1638 
1170 
1542 
1174 
1577 
1292 
1424 
1604 
1995 
1424 
1915 
1785 
1678 
1873 
1286 
1558 
1452 
1185 
1960 
1655 
 611 
 637 
 438 
 600 
1586 
1649 
1476 
1825 
1580 
1474 
1492 
1621 
1739 
1396 
1813 
1879 
1460 
1448 
1453 
1432 
1784 
1889 
1368 
1799 
1785 
1984 
2119 
1369 
2043 
1513 
1592 
1115 
1479 
1298 
1277 
1223 
1394 
1348 
1528 
1370 
1547 
2013 
1711 
1440 
1514 
1963 
1447 
1159 
2017 
1493 
1658 
1712 
1495 
1830 
1935 
1794 
1635 
1559 
1474 
1521 
1417 
1126 
1515 
1771 
1456 
1810 
1798 
1205 
2189 
1574 
1758 
1504 
1554 
2001 
1662 
1505 
1392 
1248 
1789 
1575 
1192 
1138 
1554 
1575 
1545 
1276 
1416 
1475 
1845 
1354 
1785 
1382 
1075 
2051 
1595 
1801 
1618 
1497 
1612 
1651 
1842 
1663 
1478 
1954 
1716 
1794 
1729 
1717 
1488 
1581 
1498 
1203 
1432 
1395 
1481 
1661 
1471 
1251 
1651 
1218 
1916 
1319 
1309 
1954 
1883 
1522 
1537 
1520 
2333 
1462 
1293 
 954 
1633 
1950 
1451 
1399 
1546 
1756 
1472 
1360 
1676 
1620 
1881 
1460 
1408 
1688 
1663 
1481 
1786 
1806 
1493 
1395 
1732 
2039 
1458 
1507 
1739 
1172 
1269 
1228 
1463 
1355 
1404 
1403 
1469 
1864 
1655 
1610 
2030 
1528 
1729 
1622 
1474 
1640 
1807 
1366 
1452 
1627 
1433 
1660 
1193 
1026 
1023 
1083 
1357 
1690 
1340 
1655 
1686 
1349 
2095 
1990 
1549 
1818 
1654 
1617 
1498 
1214 
1620 
1804 
1914 
1878 
1464 
1594 
1378 
1164 
1258 
1615 
1460 
1463 
1566 
1387 
2073 
1508 
1457 
1728 
2016 
1750 
2003 
1671 
1739 
1393 
1490 
1721 
1900 
2123 
1774 
1603 
1524 
1135 
1103 
1152 
1354 
1456 
1412 
1395 
1618 
1588 
1812 
1829 
1837 
1348 
1310 
2027 
1614 
1703 
1436 
1196 
1792 
1778 
1470 
1167 
1366 
1650 
1706 
1581 
1552 
1373 
1283 
1717 
1838 
1589 
1471 
1337 
1478 
1663 
1478 
1189 
1482 
1190 
1786 
1681 
1516 
1701 
1667 
1475 
1499 
1236 
1118 
1202 
1441 
1302 
1549 
1629 
1764 
2055 
1791 
1368 
1859 
1762 
1955 
1906 
1914 
1995 
1290 
1213 
1451 
1198 
1325 
1138 
1879 
1473 
1540 
1355 
1559 
1621 
1415 
1643 
1683 
1560 
1991 
1596 
1467 
1826 
1713 
1802 
1597 
1720 
1854 
1303 
1685 
1591 
1442 
1620 
1898 
1721 
1559 
1447 
1244 
1121 
1269 
1441 
2051 
1525 
1921 
1879 
1564 
1879 
1449 
1373 
2021 
1696 
1791 
1301 
1645 
1648 
1689 
1471 
1542 
1322 
1145 
1304 
1469 
1413 
1093 
1328 
1540 
1624 
1464 
1334 
1831 
1181 
1320 
1530 
2017 
1701 
1558 
1179 
2221 
1658 
1469 
1344 
1454 
1115 
1255 
1727 
1391 
1488 
1981 
1038 
1664 
1329 
1258 
1604 
1832 
1941 
1900 
1470 
1795 
1677 
1604 
1541 
1686 
1651 
1315 
1112 
1343 
1640 
1506 
1110 
1332 
1206 
1249 
1764 
1640 
1864 
1835 
1785 
2013 
1368 
2026 
1193 
1471 
1588 
1556 
1498 
1694 
1358 
1259 
1089 
1496 
1121 
1123 
 980 
1599 
1309 
1597 
2060 
1487 
1612 
1882 
1923 
1807 
1328 
1678 
1849 
1630 
1555 
1889 
1603 
1519 
1862 
1860 
1593 
1574 
1447 
1434 
1123 
1135 
1630 
1393 
1458 
1365 
2261 
1744 
1726 
1793 
1563 
1673 
1548 
1430 
1203 
1322 
2060 
1590 
1957 
1797 
1482 
1715 
1418 
1190 
1149 
1354 
 989 
1237 
1464 
1650 
1193 
1609 
1644 
1759 
1749 
1886 
1610 
1735 
1715 
1560 
1612 
1543 
1497 
1602 
1759 
1693 
1651 
1447 
1611 
1564 
1394 
1537 
1221 
1512 
1642 
1765 
1658 
1902 
1779 
1860 
1766 
1862 
1535 
1326 
1204 
1310 
1232 
1300 
1534 
2051 
1620 
1451 
1340 
1386 
1098 
1524 
1597 
1596 
1605 
1694 
1232 
1752 
1609 
1648 
1760 
1709 
1618 
1719 
1375 
1713 
1484 
1867 
1774 
1907 
1632 
1810 
1601 
1639 
 921 
1169 
1537 
1516 
1474 
1675 
1961 
1971 
2015 
1266 
1916 
1924 
1487 
1400 
1493 
1692 
1652 
1352 
2010 
1474 
1317 
1312 
1241 
1201 
1119 
1422 
1516 
1739 
1278 
1617 
1617 
1704 
1397 
1662 
1369 
6055 
 984 
 641 
1983 
1483 
1927 
1571 
1790 
1754 
1765 
1556 
1325 
1195 
 994 
1442 
1080 
1382 
1123 
1557 
1674 
1413 
1622 
1502 
1209 
1454 
1484 
1459 
1380 
1618 
1467 
1545 
1026 
1104 
1462 
1614 
1994 
2013 
1782 
1701 
1525 
1050 
1325 
1574 
1571 
1321 
1578 
1785 
1511 
1314 
1345 
1663 
1345 
1456 
1230 
1848 
1665 
1655 
1869 
1469 
1052 
1453 
1313 
1163 
1028 
1407 
1363 
1690 
1426 
1552 
 697 
1282 
1814 
1561 
1215 
1488 
1255 
1457 
1171 
1200 
1389 
1829 
1353 
1415 
1485 
1662 
1199 
1166 
1198 
1626 
1516 
1439 
1618 
1416 
1385 
1790 
1691 
1479 
1194 
1178 
1182 
1285 
1191 
1390 
1487 
1654 
1675 
1835 
1345 
1641 
1640 
1223 
1181 
1287 
1192 
1267 
1258 
1582 
1623 
1578 
1396 
1679 
1864 
1759 
1599 
1671 
1455 
1326 
1200 
1226 
1244 
1562 
1034 
1352 
1471 
1531 
1715 
1365 
1132 
1206 
1320 
1437 
1671 
1603 
1200 
1466 
1150 
1471 
1206 
1278 
1368 
1248 
1352 
1486 
1539 
1648 
1786 
1701 
1459 
1586 
1625 
1519 
1970 
1852 
1615 
1172 
1351 
1278 
1487 
1684 
1701 
1378 
1349 
1468 
1182 
1313 
1100 
1459 
1228 
1336 
1648 
1961 
1356 
1509 
1639 
1288 
1210 
1424 
1112 
1484 
1594 
1495 
1477 
1409 
1732 
1636 
1155 
1478 
1351 
1077 
1170 
1242 
1349 
1465 
1229 
1494 
1433 
1378 
1038 
1194 
1863 
1865 
1577 
1404 
1412 
1591 
1336 
1634 
1519 
1624 
1578 
1416 
1368 
1453 
1171 
1512 
1070 
1447 
1237 
1730 
1398 
1773 
1330 
1365 
1715 
1398 
1925 
1789 
1664 
1529 
1612 
1444 
1331 
1342 
1608 
1747 
1083 
1470 
1379 
1611 
1603 
1480 
1365 
1360 
1222 
1546 
1594 
1726 
1408 
1697 
1239 
1916 
1748 
1748 
1614 
1704 
1354 
1564 
1679 
1676 
1718 
1544 
1801 
1874 
1581 
1861 
1855 
1823 
1862 
1665 
1739 
1740 
1024 
1110 
 979 
1417 
1772 
1583 
1125 
1160 
1520 
1319 
1447 
1361 
1379 
1598 
1583 
1759 
1194 
1490 
1861 
1554 
1648 
2103 
1693 
 573 
 446 
 553 
1440 
1426 
1749 
1595 
1603 
1423 
1577 
1444 
1650 
1541 
1662 
1550 
1418 
1444 
1114 
1444 
1182 
1286 
1172 
1443 
1186 
1176 
1505 
1931 
1430 
1037 
1473 
1596 
1554 
1656 
1523 
1584 
1283 
1153 
1136 
1645 
1578 
1764 
1655 
1776 
1355 
1328 
1183 
1265 
1185 
1449 
1368 
1338 
1368 
1569 
1015 
1368 
1522 
1673 
1282 
1245 
1025 
1299 
1224 
1501 
1782 
1464 
1428 
1451 
1353 
1449 
1205 
1300 
1168 
1459 
1327 
1237 
1498 
1473 
1521 
1502 
1402 
2294 
1543 
1589 
1473 
1525 
1426 
1397 
1185 
1604 
1503 
1861 
1857 
1662 
1736 
1523 
1627 
1878 
1851 
1719 
1592 
1591 
1391 
1305 
1055 
1087 
1327 
1387 
1146 
1078 
1140 
1441 
1274 
1722 
1340 
1590 
1411 
1439 
1352 
1462 
1155 
1352 
1145 
1442 
1349 
1456 
1663 
1958 
1245 
1555 
1210 
1609 
1084 
1198 
1218 
1257 
1371 
1315 
1472 
1556 
1634 
1973 
1736 
1460 
1340 
1009 
1302 
1371 
1920 
1846 
1346 
1567 
1756 
1657 
1540 
1466 
1251 
1417 
1165 
1315 
1411 
1626 
1272 
1488 
1603 
1783 
1346 
1455 
1333 
1484 
1204 
1325 
1176 
1424 
1047 
1371 
1601 
1545 
1574 
1555 
1404 
1927 
1850 
1568 
1092 
1359 
1680 
1400 
1501 
1666 
1701 
1917 
1480 
2017 
1354 
2653 
1418 
1434 
1343 
1267 
1175 
1629 
1777 
1723 
1267 
1514 
1690 
1509 
1623 
1677 
1641 
1596 
 958 
1683 
1428 
1488 
1414 
1447 
1744 
1659 
1184 
1333 
1514 
1463 
1210 
1045 
1333 
2064 
1762 
1120 
1006 
1433 
1733 
1519 
1637 
1435 
1243 
1278 
1487 
1575 
1688 
1775 
1612 
2277 
1199 
1423 
1206 
1483 
1359 
1305 
1557 
1762 
1877 
1836 
1516 
1456 
1681 
1346 
1294 
1404 
1688 
1594 
1197 
1438 
1587 
1496 
1648 
1943 
1671 
1482 
1194 
1321 
1338 
1495 
1233 
1294 
1376 
1406 
1900 
1170 
1167 
1913 
1101 
1143 
1029 
1548 
1642 
1540 
1370 
1682 
1827 
1801 
1624 
1794 
1726 
1463 
1634 
1971 
1403 
1319 
1212 
1497 
1363 
1512 
1210 
1575 
1721 
1491 
1199 
1455 
1368 
1589 
1122 
1106 
1082 
1584 
1159 
1434 
1360 
1453 
1246 
1305 
1399 
1470 
1203 
1013 
1758 
1544 
1333 
1107 
1060 
1096 
1116 
1071 
1145 
1230 
1607 
1581 
1610 
1556 
1598 
1998 
1185 
1511 
1647 
1577 
1678 
1938 
2019 
1930 
1335 
1734 
1203 
1210 
 939 
1344 
1415 
1594 
1563 
1419 
1372 
1453 
1473 
1740 
1713 
1301 
1440 
1612 
1351 
1263 
1169 
1549 
1332 
1308 
1338 
1480 
1679 
1294 
1407 
1409 
1496 
1583 
1477 
1319 
1636 
1696 
1838 
1793 
1165 
1455 
1201 
1635 
1553 
1488 
1653 
1725 
1568 
1632 
1285 
1581 
1265 
2058 
1509 
1130 
1114 
1357 
1445 
1503 
1731 
1737 
1786 
1807 
1205 
1172 
1352 
1280 
1304 
1748 
1798 
1326 
1181 
1580 
1177 
1366 
1366 
1853 
2051 
1603 
1183 
1183 
1289 
1585 
1480 
1643 
1601 
1638 
1793 
1790 
1356 
1311 
1210 
1761 
1759 
1911 
1808 
1723 
1356 
1503 
1446 
1395 
1378 
1859 
1254 
1235 
1260 
1233 
1368 
1516 
1494 
1518 
1404 
1462 
1011 
1344 
1897 
1466 
1650 
1644 
1528 
1345 
1639 
1784 
1226 
1892 
1932 
2011 
2030 
1643 
1811 
1184 
1554 
1639 
1261 
1397 
1749 
1706 
1361 
1400 
1445 
1488 
1159 
1563 
1575 
1318 
1393 
1325 
1302 
1372 
1385 
1711 
1522 
1116 
1430 
1328 
1146 
1254 
1566 
1672 
1710 
1496 
1185 
1486 
1022 
1378 
1338 
1235 
1817 
1779 
1727 
1557 
1505 
1540 
 970 
1335 
1208 
1196 
1057 
1268 
1441 
1561 
 951 
1447 
1402 
1994 
1362 
1503 
1361 
1491 
1218 
1984 
1687 
2003 
1435 
1492 
1765 
1512 
1414 
1440 
1268 
1197 
1139 
1394 
1183 
1599 
1576 
1089 
1203 
1584 
1523 
1451 
1192 
1690 
1243 
1473 
1220 
1263 
1544 
1815 
1854 
1866 
1860 
1859 
1691 
1737 
1495 
1447 
1466 
1428 
1255 
1298 
1595 
1784 
1565 
1890 
1762 
1506 
1776 
1573 
1580 
1387 
1189 
1945 
1828 
2042 
1759 
1677 
1679 
1301 
1134 
1251 
1474 
1306 
1490 
1636 
1602 
1491 
1493 
1653 
1810 
1930 
1208 
1500 
1669 
1642 
1349 
1248 
1347 
1715 
1872 
1375 
1596 
1569 
1523 
1925 
1731 
1384 
1791 
1402 
1711 
1404 
1735 
1975 
1738 
1622 
1838 
1663 
1964 
1615 
1640 
1382 
1876 
1904 
1576 
1510 
1388 
1262 
1407 
1959 
1275 
1390 
1738 
1198 
1288 
1383 
1408 
1396 
1628 
1880 
1962 
1641 
1746 
1910 
1350 
1577 
1211 
1308 
1640 
1918 
1746 
1737 
1614 
1840 
1468 
1822 
1619 
1508 
1630 
1660 
1592 
1550 
1633 
1609 
1383 
1694 
1763 
1588 
1557 
1550 
1699 
1809 
1445 
1787 
1698 
1790 
1838 
1581 
1489 
1517 
1779 
1485 
1415 
1175 
1304 
1232 
1181 
1153 
1481 
1518 
1694 
1460 
1192 
1726 
1341 
1437 
1342 
1291 
1612 
1578 
2007 
1787 
1482 
2113 
1391 
1454 
1204 
1227 
1134 
1408 
1524 
1624 
1320 
1574 
1382 
1765 
1725 
1538 
1773 
1575 
1480 
1819 
1490 
1712 
1456 
1517 
1345 
1387 
1567 
1901 
1668 
1675 
1625 
1297 
1159 
1522 
1383 
1472 
1344 
1446 
1471 
1465 
1189 
1457 
1619 
1828 
1851 
1773 
1619 
1532 
1801 
1584 
1547 
1862 
1542 
1342 
1341 
1423 
1568 
1406 
1425 
1327 
1199 
1477 
1361 
1780 
1833 
1600 
1358 
1895 
1784 
1804 
1849 
1408 
1607 
2117 
2035 
1796 
1281 
1732 
1591 
1749 
1534 
1537 
1587 
1559 
1628 
1615 
1696 
1823 
1605 
1538 
1373 
1630 
2004 
1600 
1578 
1461 
1363 
1319 
1253 
1396 
1331 
1251 
1252 
1450 
1422 
1286 
1315 
1454 
1350 
1531 
1141 
1817 
1382 
1702 
1647 
1981 
1868 
1902 
1497 
1482 
1205 
1882 
1558 
1485 
1450 
1844 
1967 
1744 
2014 
1800 
1120 
1136 
1035 
1334 
1722 
1462 
1546 
1529 
1813 
1644 
1626 
1924 
1666 
1901 
1489 
1463 
1792 
1355 
1378 
1574 
1657 
1471 
1467 
1464 
1200 
1404 
1468 
1627 
1364 
1646 
1669 
1517 
1369 
1845 
1362 
1453 
1986 
1712 
1656 
1463 
1235 
1279 
1369 
1647 
1841 
1709 
1372 
1712 
1714 
1930 
1578 
1395 
1129 
1398 
1584 
1599 
1676 
1479 
1347 
1613 
1755 
1969 
1699 
1600 
1376 
1483 
1495 
1426 
1701 
1749 
1739 
2057 
1643 
1300 
1063 
1318 
1398 
1605 
 646 
 685 
1502 
1938 
1846 
1921 
1562 
1546 
1789 
1877 
1802 
1566 
1593 
1212 
1484 
1364 
1379 
1536 
1431 
1337 
1168 
1503 
1266 
1594 
1440 
1728 
1689 
1831 
1355 
1488 
1494 
1375 
1436 
1561 
1610 
1528 
1917 
1667 
1654 
1110 
1051 
1297 
1040 
1040 
1372 
1449 
1605 
1199 
1597 
1626 
1853 
1766 
1691 
1138 
 710 
 948 
1676 
1761 
2052 
1878 
1287 
1504 
1210 
1564 
1342 
1532 
1610 
1491 
1133 
1064 
1445 
1239 
1278 
1474 
1695 
1891 
1688 
1437 
1188 
1493 
1627 
1409 
1206 
1543 
1336 
1751 
1904 
1628 
1922 
1559 
1533 
1519 
1483 
1597 
1716 
1337 
1207 
1321 
1372 
1199 
1004 
1398 
1200 
1470 
1372 
1936 
1509 
1210 
1977 
1685 
1306 
1511 
1380 
1902 
1287 
1294 
1290 
1280 
1084 
1303 
1240 
1442 
1101 
1680 
1676 
1969 
1382 
1453 
1312 
1486 
1510 
1534 
1637 
1876 
1593 
1319 
1398 
1517 
1398 
1275 
1602 
1840 
1631 
1550 
1371 
1378 
1179 
1116 
1385 
1754 
2317 
1724 
1273 
1612 
1764 
1876 
1608 
1514 
1863 
1734 
1156 
1544 
1626 
1557 
1274 
1616 
1327 
1300 
1024 
1623 
1320 
1589 
1292 
1349 
1394 
1675 
1358 
1469 
1247 
1467 
1330 
1703 
1381 
1573 
1151 
1324 
1393 
1293 
1339 
1386 
1609 
1242 
1027 
1163 
1020 
1262 
1625 
1295 
1621 
1610 
1442 
1450 
1205 
1490 
1346 
1509 
1163 
1095 
1462 
1780 
1450 
1391 
1219 
1211 
1423 
1686 
1844 
1645 
1824 
1787 
1674 
1765 
1470 
1420 
1548 
1613 
1418 
1570 
1887 
1813 
1226 
1287 
1219 
1586 
1504 
1758 
1183 
1473 
1300 
1459 
1207 
1413 
1046 
1472 
1306 
1426 
1444 
1317 
1229 
1682 
1566 
1585 
1567 
1663 
1345 
1484 
1645 
2007 
1817 
1685 
1697 
1823 
1519 
1737 
1344 
1795 
1693 
1889 
1559 
1741 
1247 
1427 
1147 
1165 
1528 
1390 
1160 
1305 
1524 
1242 
1780 
 833 
1051 
1542 
1891 
2016 
1370 
1432 
1493 
1357 
1484 
1716 
1609 
1570 
1664 
1988 
1202 
2031 
 984 
1853 
1185 
1300 
1364 
1320 
1390 
1628 
1501 
1854 
1554 
1449 
1723 
1855 
1781 
1627 
1357 
1673 
1840 
1568 
1360 
1852 
1588 
1499 
1085 
1052 
1456 
1593 
1620 
1553 
1641 
1929 
1369 
1592 
1615 
1609 
1159 
1584 
1587 
1602 
1578 
4051 
2110 
2347 
3053 
1875 
1646 
1968 
1992 
1896 
1665 
1798 
1633 
1841 
1847 
1726 
1911 
1481 
1305 
1371 
1598 
2053 
1388 
1562 
1468 
1486 
1112 
1459 
1368 
1414 
1223 
1636 
2135 
2277 
2005 
1611 
1848 
1628 
1815 
1828 
1611 
1446 
1766 
1753 
1313 
1479 
1466 
1430 
2152 
1937 
1906 
1483 
1292 
1554 
1292 
1315 
1487 
1620 
1438 
1200 
1244 
1226 
1087 
1370 
1506 
1802 
1681 
1533 
1472 
2092 
1936 
1564 
1445 
1538 
1292 
1543 
1701 
1912 
1900 
1679 
1712 
1564 
1550 
1630 
1357 
1334 
1727 
1414 
1223 
1512 
1313 
1793 
1732 
1311 
1301 
1607 
1445 
1554 
1469 
1552 
1282 
1127 
1039 
1575 
1330 
1515 
1745 
2364 
2000 
1712 
1493 
1571 
1481 
1472 
1124 
1150 
1297 
1563 
1238 
1289 
1657 
2132 
1675 
1874 
2058 
1893 
1563 
1511 
1659 
1789 
1522 
1540 
1665 
1506 
1534 
1274 
1536 
1592 
1234 
1391 
1101 
1544 
1530 
1709 
1715 
1516 
1450 
1295 
1465 
1379 
1649 
2010 
1546 
1388 
1314 
1669 
1639 
2164 
2018 
1509 
1911 
1691 
1401 
1617 
1628 
1956 
1222 
1793 
1410 
1756 
1319 
1558 
1217 
2039 
2019 
1859 
1425 
1351 
1535 
1398 
1200 
1427 
1514 
1658 
1259 
1474 
1586 
1675 
1875 
1906 
1838 
1820 
1702 
1693 
1156 
1540 
1474 
1503 
1428 
1545 
1122 
1839 
1309 
1546 
1308 
1954 
1545 
1655 
1833 
1962 
1345 
1428 
1403 
1800 
1738 
1962 
1878 
1664 
1721 
1906 
1567 
2048 
2017 
2097 
1916 
1916 
1954 
1671 
1648 
1479 
1131 
1636 
1267 
1222 
1117 
1148 
1114 
1567 
1667 
1729 
1705 
1857 
1246 
1512 
1289 
1277 
1419 
1532 
1462 
1340 
1158 
1906 
1824 
1836 
1861 
1771 
1847 
2143 
2581 
1528 
1545 
1679 
1410 
1633 
1560 
1064 
1591 
1430 
1836 
2141 
1232 
1458 
1591 
2029 
1448 
1360 
 978 
1551 
1374 
1517 
1101 
2059 
1538 
1498 
1316 
1616 
1461 
1313 
1450 
1722 
1837 
1765 
1735 
1676 
2030 
2018 
1462 
1553 
1281 
1467 
 632 
 910 
 935 
1747 
1592 
1663 
1464 
2122 
1516 
2097 
1399 
1817 
1313 
1228 
1111 
1351 
1517 
1840 
1251 
1906 
1535 
1648 
1425 
1566 
1441 
1378 
1910 
1687 
2000 
1997 
1897 
1590 
1451 
1481 
1556 
1449 
1537 
1788 
1320 
1219 
1244 
1615 
1612 
1481 
1528 
1605 
1995 
1890 
1440 
1569 
1250 
1582 
1234 
1487 
1298 
1599 
1778 
1963 
1835 
1680 
1413 
1520 
1318 
1238 
1143 
1328 
1410 
1728 
1755 
1596 
1433 
1497 
1272 
1594 
1454 
1538 
1309 
1487 
1439 
1539 
1281 
2073 
1492 
2163 
1949 
1708 
1490 
1701 
2138 
1813 
1925 
1576 
1579 
1581 
1750 
1670 
1977 
1986 
1010 
 810 
1017 
 949 
1732 
1685 
1725 
2013 
1581 
1611 
1514 
1474 
1541 
1820 
2019 
1790 
1297 
1268 
1193 
1590 
1752 
1562 
1081 
1604 
1459 
1528 
1447 
1360 
1620 
1706 
1708 
1884 
1980 
2197 
1471 
1697 
1483 
1540 
1206 
1538 
1981 
1866 
1594 
1862 
 811 
 529 
 814 
1767 
1886 
1879 
1654 
1889 
1751 
1715 
1756 
2168 
1719 
1339 
2108 
2023 
2023 
2147 
1525 
1665 
1123 
1083 
1604 
1479 
1291 
1754 
1660 
1356 
1524 
1530 
1241 
1825 
1403 
1821 
1125 
1431 
1241 
1415 
1016 
1519 
1886 
1980 
1842 
1528 
1737 
1725 
1204 
2053 
1785 
1794 
1776 
1377 
1724 
2100 
1611 
1520 
1445 
1526 
1281 
2166 
1721 
1744 
1725 
1458 
1465 
 642 
 760 
1504 
1016 
1618 
1433 
1421 
1208 
1275 
1148 
1578 
1393 
1212 
1519 
1632 
1255 
1511 
1448 
1356 
1465 
1520 
1448 
1540 
1199 
2197 
1726 
1858 
1826 
1168 
1552 
1887 
1966 
1859 
1374 
1852 
1498 
1657 
1670 
1635 
1811 
1903 
1905 
1512 
1294 
1515 
1285 
1438 
1435 
1349 
2064 
2012 
1995 
1637 
1499 
1952 
1904 
1431 
1353 
1192 
1123 
1851 
1294 
1227 
1471 
1722 
1948 
1584 
1275 
1404 
1652 
1809 
2118 
1519 
1223 
2240 
2031 
2327 
1950 
1637 
1449 
1995 
1369 
1172 
1082 
1358 
1288 
1741 
1635 
1458 
1400 
1567 
1416 
1545 
1283 
1513 
1777 
1950 
1849 
1440 
1417 
1859 
1568 
1966 
1667 
1891 
1959 
1631 
1350 
1161 
1328 
1766 
1630 
1241 
1627 
2131 
1871 
1887 
1840 
1357 
1982 
1790 
1278 
1385 
1263 
1415 
1668 
1624 
1519 
1427 
1884 
1678 
1174 
1403 
1668 
1563 
1666 
1777 
1789 
1882 
2003 
1706 
1998 
1729 
1254 
1942 
1527 
1914 
1748 
1711 
2168 
1695 
1900 
2099 
1635 
1677 
1768 
1491 
1264 
1517 
1807 
2039 
1466 
1651 
1917 
2395 
1287 
1710 
1711 
1490 
2047 
1001 
 588 
 677 
 645 
 809 
 539 
 580 
 664 
 484 
 574 
 633 
1267 
 802 
1048 
1852 
1406 
1105 
 501 
 543 
 544 
 571 
 526 
 831 
 841 
1125 
 807 
 783 
1321 
1419 
1049 
 897 
 942 
 995 
 923 
2628 
1538 
1411 
1337 
1630 
1234 
1509 
1162 
 683 
 398 
 460 
 496 
1166 
 755 
 795 
 485 
 617 
 597 
1929 
 778 
 920 
 508 
 699 
1526 
 928 
1081 
 678 
 456 
 562 
 836 
1611 
1365 
 923 
 887 
2895 
1839 
1828 
1195 
1140 
1368 
2797 
1436 
 897 
2333 
1350 
1553 
1244 
1423 
1550 
1601 
1895 
1474 
1077 
1009 
1184 
1288 
 715 
 729 
1201 
 411 
 661 
 595 
1421 
1246 
 886 
1053 
1135 
 794 
1537 
 813 
1464 
 564 
 554 
 622 
 614 
 676 
1241 
1251 
1413 
1267 
1528 
1131 
 983 
 951 
1717 
2443 
2022 
1659 
1367 
1023 
1438 
1198 
1653 
1208 
1393 
1266 
1479 
1737 
1738 
1674 
2082 
1284 
1470 
1100 
1313 
1785 
1600 
1291 
1541 
1712 
1211 
1325 
 663 
1518 
1167 
1518 
1543 
1223 
2614 
1297 
1928 
1038 
1755 
 922 
 962 
1140 
 977 
2430 
1156 
1137 
1552 
1215 
1416 
1056 
2001 
1915 
1666 
 903 
1163 
1208 
1441 
1272 
1494 
1384 
1517 
1751 
1895 
1468 
 954 
1619 
1468 
 688 
 465 
 548 
 577 
 542 
 573 
 600 
 609 
 584 
 919 
 520 
 527 
 492 
 520 
 557 
 414 
 418 
 594 
 625 
 498 
 604 
 440 
 448 
 592 
 635 
 942 
 417 
 568 
 609 
 497 
 515 
 552 
 596 
 652 
 733 
 683 
 626 
 732 
 749 
 547 
 667 
 729 
 808 
 597 
 724 
 755 
 943 
 657 
 620 
 799 
 648 
 645 
 761 
 531 
 822 
 653 
 935 
 691 
 568 
 602 
 665 
 588 
 671 
 735 
1238 
1622 
1478 
1617 
1287 
1460 
1778 
1714 
1929 
1656 
1170 
1552 
1291 
1751 
1807 
2275 
1929 
1910 
1872 
1662 
1707 
1895 
2035 
1581 
1546 
1712 
1501 
1153 
 496 
 635 
 585 
 529 
1083 
 654 
 687 
 681 
 612 
 547 
 672 
 426 
2399 
 483 
 384 
 335 
1387 
1426 
 477 
 446 
 415 
 459 
 566 
 420 
 432 
 587 
1807 
1109 
1128 
 551 
 596 
1013 
 718 
 672 
 513 
 425 
 879 
 608 
 505 
 472 
 469 
 457 
 799 
 480 
 435 
 464 
 447 
 670 
 550 
 744 
 728 
1154 
 627 
 669 
 626 
 397 
 547 
 711 
 494 
 486 
 486 
 636 
 641 
 602 
 686 
 495 
 916 
 533 
 988 
1157 
 882 
1176 
1505 
1294 
1214 
1315 
1047 
1232 
1462 
1709 
1448 
1330 
1197 
1419 
1253 
1197 
1413 
1450 
1471 
1585 
 800 
 957 
1642 
1689 
1772 
1409 
1040 
1696 
1502 
1688 
1462 
1574 
1504 
1526 
1167 
1367 
2211 
1250 
1219 
1790 
1159 
1696 
1039 
1296 
1095 
1160 
1168 
1178 
 739 
 787 
 638 
1116 
1033 
1220 
1017 
 918 
 872 
1075 
 923 
 793 
2647 
 951 
1346 
1237 
1239 
1449 
1451 
 672 
 686 
1145 
1153 
 631 
 437 
 496 
 584 
 492 
 460 
 475 
1207 
1828 
 888 
 929 
1216 
1026 
1007 
1282 
1082 
1176 
1437 
1184 
1162 
1272 
 763 
1063 
1221 
1405 
1671 
1417 
1332 
1489 
1860 
1287 
1547 
1370 
1543 
1636 
1403 
1581 
1390 
1346 
 394 
 556 
1312 
1162 
 911 
 605 
 532 
1012 
 759 
1000 
1152 
1610 
2103 
1473 
1359 
1411 
1373 
1314 
1053 
1244 
1442 
1561 
1547 
1633 
1401 
1499 
1069 
1580 
1686 
1672 
1176 
1240 
1134 
1494 
1401 
1278 
1043 
1195 
1073 
1288 
1014 
1217 
1227 
1277 
1199 
1455 
1037 
 690 
2199 
2224 
1537 
1231 
1184 
1313 
1599 
1409 
1205 
1204 
1092 
1786 
1673 
1549 
1232 
1426 
1176 
1457 
1191 
1344 
 884 
 510 
 632 
 590 
 655 
 687 
1160 
1480 
1246 
 369 
 775 
 571 
 755 
 716 
2407 
1121 
1104 
1078 
1228 
1763 
1159 
 985 
1047 
1370 
1532 
1376 
1480 
1510 
1385 
1328 
1122 
1539 
1360 
1401 
1328 
1538 
1185 
1096 
1101 
2550 
1729 
2270 
 868 
 460 
 998 
 891 
1038 
 750 
 763 
1141 
 631 
1025 
1060 
1213 
 718 
 578 
1391 
1148 
 917 
 971 
1058 
1194 
1013 
1145 
 983 
 961 
1194 
1325 
1122 
1503 
1941 
 648 
 574 
 489 
 532 
 485 
 563 
 493 
 588 
 441 
1791 
 688 
 594 
 549 
1277 
 503 
 633 
 397 
 527 
 509 
 734 
 603 
 905 
1146 
1340 
1286 
1342 
1223 
1213 
1109 
1222 
1421 
1195 
1209 
1138 
1575 
1546 
1677 
1551 
1816 
1430 
1294 
1232 
1207 
1217 
1502 
1466 
1504 
1447 
1352 
1180 
1336 
1028 
1332 
 963 
1213 
1248 
 782 
 896 
 985 
1175 
1137 
1085 
1406 
 907 
1216 
1466 
1483 
1049 
1101 
1126 
1021 
1527 
 607 
 932 
 972 
2194 
1805 
1183 
 974 
1258 
1469 
1726 
1350 
1232 
1253 
1133 
 714 
 420 
 701 
 623 
 411 
 403 
 568 
 486 
 443 
1054 
 388 
 378 
 635 
1188 
 494 
1202 
1169 
 969 
 970 
 862 
 751 
1000 
2623 
1977 
1134 
1026 
1170 
 891 
 960 
1142 
1073 
1721 
1415 
1218 
1086 
1291 
1276 
1185 
1562 
1154 
1238 
1110 
1056 
1120 
 955 
 988 
1220 
1222 
1134 
1094 
 643 
1440 
1377 
 932 
 581 
 542 
 704 
1284 
1171 
1368 
 788 
 855 
 931 
1039 
1097 
1169 
1077 
1164 
1084 
1045 
1109 
 865 
 985 
 978 
 918 
1152 
 573 
 662 
 914 
2364 
1538 
1106 
1244 
1111 
1182 
1159 
1355 
1690 
1609 
1221 
1322 
1173 
1452 
1590 
1041 
1049 
1122 
1395 
1426 
1026 
1229 
 894 
1036 
 971 
 921 
1690 
1169 
 773 
 702 
1049 
1091 
 936 
1123 
1392 
1482 
1671 
1151 
1135 
2158 
1462 
1582 
1520 
1180 
1207 
 961 
 869 
 975 
 809 
1666 
 835 
1174 
1558 
2124 
1449 
1250 
1222 
 834 
 846 
1125 
1102 
1296 
1241 
 980 
 872 
 975 
 944 
1082 
1384 
1314 
1013 
1301 
1448 
1297 
1526 
1770 
1494 
1442 
1075 
1262 
1523 
1756 
1468 
1589 
1197 
1595 
1930 
1347 
1840 
 996 
 630 
1267 
 685 
1030 
1098 
 750 
 705 
 803 
1335 
1315 
 907 
 978 
1370 
1222 
1203 
1033 
 935 
1046 
1123 
1403 
1181 
1405 
1365 
1364 
1764 
1570 
1764 
1766 
1810 
1591 
1116 
1526 
1232 
1399 
1464 
1579 
1672 
1821 
1542 
1411 
1210 
1461 
1415 
1458 
1420 
1380 
1263 
1160 
1622 
1719 
1392 
1643 
1466 
1443 
1605 
1526 
1146 
1311 
1136 
1391 
1445 
1586 
1296 
1378 
1283 
1084 
1315 
1232 
1702 
1485 
1080 
1323 
1168 
1219 
1356 
1092 
1285 
1211 
1536 
1643 
1390 
1309 
1191 
1294 
1437 
1572 
1275 
1688 
1482 
1593 
 965 
1300 
1134 
2071 
1590 
1217 
 685 
 985 
1059 
1120 
1292 
 923 
 865 
 941 
1119 
1015 
1287 
1304 
 496 
 590 
 690 
 460 
 603 
 540 
 915 
1361 
1202 
1465 
1319 
1431 
 919 
1170 
1356 
1167 
1407 
1324 
1576 
1708 
1677 
1663 
1348 
1670 
1544 
1554 
1356 
1768 
1064 
1305 
1511 
1582 
1175 
1426 
1098 
1243 
1983 
1047 
1072 
1038 
 984 
1293 
1417 
1629 
1353 
1616 
1742 
1387 
1562 
1559 
1285 
1320 
1236 
1375 
1168 
1001 
1117 
1922 
1874 
1410 
1243 
1915 
1032 
1111 
1112 
1410 
1312 
1470 
1021 
1371 
1376 
1450 
1117 
1282 
1355 
1247 
1502 
1509 
1030 
1014 
1026 
1349 
1170 
1314 
1204 
1122 
1729 
1144 
1178 
1145 
1213 
1249 
1458 
1520 
1158 
1593 
1342 
1432 
1172 
1398 
1194 
1711 
1731 
1613 
1192 
1259 
1448 
1390 
1200 
1393 
1260 
1737 
1641 
1542 
1207 
1448 
1582 
1546 
1742 
1460 
1193 
1438 
1375 
1281 
1100 
 506 
2081 
 511 
1359 
1019 
 722 
1607 
 581 
 873 
 840 
1218 
1883 
 970 
1127 
1132 
 977 
1144 
1345 
1112 
1584 
1615 
1742 
1431 
1333 
1655 
1595 
1637 
1114 
1310 
1346 
1150 
1214 
1442 
1227 
1464 
1471 
1571 
1217 
1098 
 999 
1105 
1522 
1278 
1339 
1626 
1226 
1507 
1171 
1326 
1201 
1263 
1688 
1610 
1658 
1461 
1216 
1590 
1685 
1578 
1543 
1352 
1297 
1605 
1679 
1553 
1456 
1367 
1631 
1418 
1477 
1062 
1468 
1569 
1582 
1709 
1504 
1454 
1561 
1534 
1667 
1521 
1576 
1394 
1178 
1395 
1076 
1414 
1313 
1712 
1551 
1426 
1337 
1354 
1629 
1851 
1125 
2107 
1718 
1555 
1168 
1244 
1374 
1637 
1400 
1293 
1202 
1552 
1464 
1397 
1347 
1443 
1520 
1802 
1088 
1257 
1056 
1280 
1212 
1369 
1846 
1053 
1064 
1279 
 522 
 557 
 503 
1022 
1057 
1372 
1401 
1382 
1528 
1370 
 998 
1025 
 946 
1542 
1094 
1205 
 979 
1261 
1193 
1427 
1224 
1556 
1691 
1565 
1588 
1614 
1557 
1374 
1353 
1428 
1352 
1443 
1157 
1020 
 611 
1072 
2019 
1560 
2091 
1345 
1489 
1412 
1848 
1401 
1488 
1113 
1180 
1641 
1616 
 854 
1381 
1625 
1185 
1450 
1153 
1307 
1322 
1083 
2089 
2386 
1687 
1097 
1079 
1219 
 760 
 940 
 898 
1826 
 988 
1226 
 910 
1150 
1461 
1608 
1384 
1682 
 995 
1176 
1795 
1351 
 729 
 672 
 827 
1262 
1068 
1138 
 739 
1253 
1340 
1894 
1366 
2731 
1393 
 449 
 718 
 737 
 789 
 683 
2321 
 553 
 394 
 773 
 475 
 631 
1061 
 455 
1236 
 560 
 821 
 714 
 961 
1030 
 951 
1933 
